% site name: UTMG
% Time      Up        err   East      err    North    err
% years     mm        mm    mm        mm     mm       mm
2007.6324   -37.6     5.3    85.9     3.4   -88.6     3.0
2007.6352   -41.4     2.7    87.1     2.1   -86.2     1.8
2007.6380   -43.1     2.7    87.1     2.1   -88.2     1.8
2007.6410   -38.5     2.8    88.7     2.1   -87.2     1.8
2007.6434   -38.2     2.7    88.2     2.1   -85.9     1.8
2007.6461   -33.2     2.8    88.2     2.1   -89.9     1.9
2007.6490   -45.1     2.8    87.7     2.1   -86.5     1.9
2007.6520   -40.8     3.0    87.0     2.2   -86.1     1.9
2007.6542   -40.6     3.1    86.3     2.2   -87.5     2.0
2007.6571   -42.5     2.9    87.2     2.1   -87.8     1.8
2007.6600   -42.3     2.8    85.9     2.2   -87.6     1.8
2007.6630   -44.6     2.8    84.8     2.1   -88.1     1.9
2007.6652   -31.2     2.9    87.2     2.2   -86.8     1.9
2007.6680   -43.2     2.9    86.5     2.2   -86.2     1.9
2007.6710   -35.9     3.0    86.7     2.2   -87.6     1.9
2007.6734   -36.1     2.8    88.4     2.1   -87.3     1.8
2007.6761   -34.8     2.8    87.6     2.2   -89.1     1.8
2007.6790   -37.4     2.9    88.4     2.2   -89.4     1.9
2007.6820   -40.6     2.9    88.8     2.2   -87.0     1.9
2007.6844   -41.9     2.8    86.1     2.2   -85.4     1.8
2007.6872   -35.1     2.9    85.4     2.2   -88.5     1.9
2007.6900   -46.6     2.8    86.2     2.2   -85.1     1.8
2007.6930   -44.5     2.8    85.9     2.1   -87.5     1.8
2007.6954   -36.2     2.8    87.6     2.1   -86.1     1.9
2007.6982   -37.0     2.8    86.9     2.1   -85.2     1.8
2007.7010   -31.7     2.8    87.7     2.1   -84.4     1.8
2007.7040   -35.8     2.8    86.6     2.1   -86.3     1.9
2007.7064   -33.3     2.9    87.1     2.2   -87.3     1.9
2007.7091   -38.9     2.8    86.6     2.2   -85.4     1.8
2007.7120   -39.9     2.8    85.2     2.1   -86.3     1.8
2007.7150   -29.3     2.8    86.4     2.1   -86.3     1.8
2007.7172   -44.7     2.8    88.8     2.1   -83.4     1.8
2007.7200   -34.6     2.8    87.7     2.1   -85.4     1.9
2007.7230   -41.9     2.8    87.2     2.2   -86.2     1.8
2007.7254   -37.3     2.8    86.8     2.1   -84.7     1.9
2007.7282   -35.3     2.9    86.9     2.2   -83.8     1.9
2007.7310   -39.7     2.8    86.7     2.2   -85.8     1.8
2007.7340   -38.4     2.7    86.8     2.1   -86.4     1.8
2007.7364   -42.9     2.7    87.2     2.1   -84.7     1.8
2007.7392   -39.5     2.8    86.9     2.1   -85.9     1.9
2007.7420   -34.1     2.9    88.8     2.2   -83.1     1.9
2007.7450   -29.7     3.0    87.3     2.3   -85.0     1.9
2007.7474   -36.8     2.8    88.0     2.2   -83.7     1.8
2007.7502   -31.8     2.8    90.7     2.2   -88.1     1.8
2007.7530   -34.8     2.8    86.8     2.1   -84.4     1.9
2007.7560   -38.7     2.8    89.4     2.2   -84.5     1.8
2007.7584   -39.4     2.8    90.8     2.2   -83.1     1.8
2007.7611   -37.1     2.8    88.9     2.2   -83.8     1.8
2007.7640   -38.6     2.7    86.8     2.1   -84.2     1.8
2007.7670   -42.0     2.7    87.5     2.1   -83.4     1.8
2007.7692   -38.0     2.8    87.0     2.1   -84.3     1.9
2007.7720   -46.3     2.9    88.9     2.2   -82.8     1.9
2007.7750   -37.9     2.9    86.6     2.1   -81.8     1.8
2007.7774   -37.1     2.7    86.5     2.1   -84.9     1.8
2007.7802   -37.6     2.7    87.6     2.1   -83.2     1.8
2007.7830   -33.8     2.7    88.3     2.1   -84.4     1.8
2007.7860   -39.5     2.7    90.1     2.1   -83.3     1.8
2007.7884   -19.6     2.8    88.2     2.1   -87.2     1.8
2007.7912   -31.6     2.7    87.1     2.1   -84.3     1.8
2007.7940   -36.9     2.8    87.6     2.1   -85.0     1.8
2007.7970   -33.4     2.8    88.4     2.2   -85.3     1.8
2007.8000   -37.8     2.8    86.3     2.2   -84.2     1.8
2007.8022   -36.4     2.8    87.3     2.1   -82.8     1.8
2007.8050   -24.4     2.7    90.9     2.1   -82.6     1.8
2007.8080   -31.7     2.8    88.8     2.1   -83.8     1.8
2007.8104   -33.7     2.8    89.9     2.1   -82.3     1.8
2007.8131   -34.3     2.8    88.6     2.1   -82.4     1.8
2007.8160   -32.7     3.0    87.8     2.3   -80.3     1.8
2007.8190   -39.6     2.8    87.4     2.2   -80.6     1.8
2007.8214   -30.9     2.9    87.2     2.1   -83.3     1.8
2007.8240   -29.2     2.9    86.2     2.1   -82.5     1.8
2007.8270   -35.1     2.8    86.0     2.2   -82.3     1.8
2007.8300   -34.2     2.8    86.5     2.2   -82.5     1.8
2007.8322   -36.1     2.8    84.8     2.1   -83.3     1.8
2007.8350   -32.2     2.7    86.0     2.1   -82.2     1.8
2007.8380   -34.1     2.7    85.8     2.1   -83.6     1.8
2007.8404   -35.5     2.7    87.0     2.1   -83.5     1.8
2007.8432   -25.8     2.7    83.6     2.1   -81.8     1.8
2007.8460   -41.6     2.7    85.3     2.1   -83.2     1.8
2007.8490   -34.2     2.7    87.1     2.1   -81.0     1.8
2007.8514   -41.9     2.7    83.7     2.1   -82.7     1.8
2007.8542   -30.7     2.8    87.1     2.1   -82.1     1.8
2007.8570   -36.0     2.8    85.8     2.1   -83.7     1.8
2007.8600   -39.4     2.7    85.8     2.1   -82.4     1.8
2007.8624   -35.2     2.7    85.7     2.1   -82.7     1.8
2007.8652   -35.1     2.7    85.8     2.1   -84.4     1.8
2007.8680   -34.3     2.8    85.7     2.2   -83.1     1.8
2007.8710   -36.4     2.8    84.8     2.1   -81.4     1.8
2007.8734   -38.8     2.7    83.8     2.1   -83.7     1.8
2007.8760   -36.3     2.7    84.7     2.1   -81.9     1.8
2007.8790   -35.3     2.7    85.3     2.1   -80.4     1.8
2007.8820   -33.3     2.7    84.5     2.1   -82.5     1.8
2007.8842   -36.5     2.8    84.1     2.1   -82.4     1.8
2007.8870   -33.3     3.0    83.3     2.3   -84.3     1.8
2007.8900   -32.8     2.8    84.8     2.2   -84.6     1.8
2007.8924   -33.5     2.9    84.8     2.2   -82.6     1.9
2007.8952   -35.4     2.8    85.0     2.2   -83.2     1.8
2007.8980   -33.4     2.8    84.9     2.1   -82.3     1.9
2007.9010   -30.4     2.8    86.3     2.1   -83.1     1.8
2007.9034   -34.7     2.7    86.1     2.1   -85.1     1.8
2007.9062   -35.2     2.7    85.1     2.1   -83.3     1.8
2007.9090   -35.4     2.7    87.0     2.1   -81.3     1.8
2007.9120   -38.5     2.7    87.3     2.1   -81.0     1.8
2007.9144   -36.7     2.7    85.6     2.1   -81.9     1.8
2007.9172   -38.2     2.7    84.9     2.1   -82.3     1.8
2007.9200   -36.6     2.7    82.8     2.1   -80.8     1.8
2007.9230   -33.5     2.7    83.1     2.1   -82.5     1.8
2007.9254   -28.7     2.7    86.2     2.1   -83.4     1.8
2007.9281   -33.2     2.8    85.4     2.1   -83.7     1.9
2007.9310   -30.9     2.7    85.4     2.1   -82.2     1.8
2007.9340   -33.0     2.7    84.3     2.1   -82.6     1.8
2007.9362   -35.8     2.7    85.3     2.1   -80.6     1.8
2007.9390   -34.8     2.7    84.1     2.1   -82.0     1.8
2007.9420   -38.8     2.8    86.4     2.1   -81.5     1.9
2007.9450   -36.4     2.8    85.8     2.1   -82.3     1.8
2007.9472   -32.8     2.8    84.9     2.1   -82.0     1.9
2007.9500   -40.8     2.7    85.3     2.1   -82.9     1.8
2007.9530   -37.1     2.7    87.1     2.1   -80.2     1.8
2007.9554   -36.3     2.7    86.4     2.1   -82.5     1.8
2007.9582   -40.4     2.7    85.9     2.1   -82.0     1.8
2007.9610   -39.2     2.7    86.0     2.1   -80.9     1.8
2007.9640   -41.4     2.8    85.3     2.2   -80.5     1.8
2007.9670   -42.8     2.7    84.8     2.1   -79.8     1.8
2007.9692   -37.6     2.7    85.6     2.1   -83.2     1.8
2007.9720   -37.2     2.7    85.1     2.1   -81.4     1.8
2007.9750   -41.3     2.7    84.0     2.1   -80.9     1.8
2007.9774   -33.4     2.7    82.8     2.1   -83.2     1.8
2007.9802   -34.4     2.7    84.0     2.1   -81.1     1.8
2007.9830   -26.7     2.7    83.6     2.1   -81.4     1.8
2007.9860   -32.3     2.7    83.6     2.1   -81.7     1.8
2007.9884   -35.8     2.7    83.7     2.1   -82.0     1.8
2007.9910   -38.3     2.7    82.6     2.1   -81.4     1.8
2007.9940   -36.4     2.7    82.2     2.1   -80.6     1.8
2007.9970   -32.3     2.7    83.2     2.1   -82.0     1.8
2007.9992   -38.2     2.7    84.4     2.1   -80.7     1.8
2008.0020   -34.4     2.7    83.5     2.1   -81.4     1.8
2008.0050   -31.6     2.7    83.3     2.1   -81.3     1.8
2008.0074   -33.9     2.7    82.6     2.1   -81.5     1.8
2008.0102   -34.4     2.6    82.9     2.1   -82.6     1.7
2008.0130   -37.5     2.8    84.9     2.2   -80.8     1.8
2008.0160   -37.1     2.8    83.5     2.2   -80.9     1.8
2008.0190   -41.8     2.8    83.5     2.1   -81.0     1.8
2008.0212   -39.1     2.8    82.1     2.2   -79.8     1.8
2008.0240   -43.1     2.7    83.1     2.1   -79.8     1.8
2008.0270   -37.0     2.7    84.3     2.1   -81.3     1.8
2008.0294   -36.1     2.7    82.8     2.1   -80.1     1.8
2008.0322   -35.3     2.7    82.9     2.1   -79.8     1.8
2008.0350   -36.8     2.9    81.9     2.2   -79.9     1.9
2008.0380   -35.7     2.9    82.0     2.2   -81.8     1.9
2008.0404   -34.3     2.7    84.2     2.1   -80.3     1.8
2008.0430   -33.0     2.9    83.4     2.2   -79.4     1.9
2008.0460   -24.5     2.9    84.4     2.2   -82.5     1.9
2008.0490   -31.5     2.8    84.8     2.2   -81.7     1.8
2008.0512   -30.9     2.7    82.9     2.1   -80.0     1.8
2008.0540   -38.1     2.7    80.0     2.1   -82.0     1.8
2008.0570   -36.7     2.7    82.1     2.1   -83.3     1.8
2008.0594   -36.8     2.7    83.1     2.1   -83.4     1.8
2008.0622   -33.2     2.7    83.8     2.1   -80.5     1.8
2008.0650   -31.9     2.7    82.5     2.1   -78.9     1.8
2008.0680   -33.4     2.8    83.7     2.1   -79.3     1.8
2008.0710   -36.1     2.7    82.2     2.1   -80.0     1.8
2008.0732   -38.3     2.7    83.0     2.1   -78.9     1.8
2008.0760   -35.1     2.7    81.4     2.1   -77.7     1.8
2008.0790   -36.9     2.9    81.3     2.2   -81.5     1.9
2008.0820   -30.7     2.8    85.6     2.2   -79.6     1.8
2008.0842   -38.2     2.8    81.2     2.1   -78.1     1.8
2008.0870   -33.9     3.0    81.4     2.3   -81.0     1.8
2008.0900   -35.9     2.9    81.4     2.2   -79.6     1.9
2008.0924   -32.7     2.8    81.1     2.2   -78.5     1.8
2008.0950   -25.6     2.9    77.3     2.1   -78.8     1.8
2008.0980   -30.0     2.8    80.1     2.2   -79.3     1.8
2008.1010   -37.7     2.8    82.0     2.2   -81.0     1.8
2008.1033   -34.9     2.9    83.2     2.2   -78.8     1.9
2008.1060   -31.6     2.7    82.5     2.1   -77.1     1.8
2008.1090   -32.9     2.7    82.5     2.1   -78.0     1.8
2008.1120   -31.4     2.8    80.6     2.2   -77.2     1.8
2008.1142   -24.2     2.8    81.8     2.1   -75.4     1.9
2008.1170   -38.6     2.7    80.6     2.1   -77.9     1.8
2008.1200   -40.7     2.7    81.1     2.1   -78.1     1.8
2008.1230   -39.0     2.7    80.3     2.1   -76.9     1.8
2008.1252   -41.5     2.7    81.4     2.1   -78.2     1.8
2008.1280   -39.7     2.7    81.8     2.1   -78.0     1.8
2008.1310   -40.3     2.6    79.6     2.1   -78.1     1.7
2008.1340   -37.8     2.7    81.6     2.1   -77.7     1.8
2008.1362   -36.7     2.8    81.5     2.1   -77.5     1.9
2008.1390   -33.6     2.8    81.1     2.1   -78.4     1.8
2008.1420   -31.1     2.7    82.1     2.1   -79.3     1.8
2008.1444   -30.8     2.7    81.7     2.1   -80.1     1.8
2008.1472   -34.7     2.7    80.2     2.1   -77.7     1.8
2008.1500   -35.5     2.7    81.2     2.1   -77.8     1.8
2008.1530   -35.7     2.7    80.8     2.1   -76.4     1.8
2008.1553   -37.0     2.7    79.9     2.1   -78.1     1.8
2008.1580   -39.0     2.7    80.6     2.1   -78.2     1.8
2008.1610   -36.5     3.0    80.1     2.3   -77.8     1.8
2008.1640   -31.4     3.0    78.4     2.3   -76.8     1.8
2008.1662   -36.8     2.9    80.4     2.2   -76.7     1.9
2008.1690   -39.3     2.7    80.0     2.1   -75.9     1.8
2008.1720   -39.5     2.7    78.9     2.1   -77.5     1.8
2008.1750   -40.0     2.6    80.3     2.1   -77.1     1.7
2008.1772   -35.6     2.8    79.0     2.1   -76.6     1.8
2008.1800   -36.1     2.7    79.0     2.1   -76.7     1.8
2008.1830   -36.6     2.8    78.3     2.1   -78.0     1.8
2008.1860   -29.1     2.7    78.0     2.1   -76.8     1.8
2008.1882   -37.6     3.0    81.2     2.3   -76.9     1.9
2008.1910   -36.0     2.8    79.1     2.2   -76.8     1.8
2008.1940   -34.3     2.7    78.8     2.1   -77.3     1.8
2008.1964   -36.6     2.9    79.8     2.1   -77.6     1.8
2008.1992   -36.5     2.7    79.6     2.1   -77.3     1.8
2008.2020   -37.1     2.8    78.6     2.2   -77.8     1.8
2008.2050   -41.2     2.7    78.4     2.1   -79.7     1.8
2008.2073   -40.9     2.7    78.1     2.1   -80.5     1.8
2008.2100   -35.4     2.7    78.4     2.1   -76.1     1.8
2008.2130   -41.9     2.8    78.9     2.1   -78.1     1.9
2008.2160   -37.2     2.7    79.4     2.1   -79.6     1.8
2008.2182   -41.9     2.7    77.4     2.1   -77.7     1.8
2008.2210   -37.9     2.8    77.0     2.1   -77.5     1.9
2008.2240   -36.1     2.8    76.5     2.1   -76.7     1.8
2008.2270   -35.1     2.8    77.7     2.2   -78.5     1.8
2008.2292   -38.4     2.7    77.6     2.1   -78.8     1.8
2008.2320   -35.7     2.8    79.6     2.1   -78.6     1.8
2008.2350   -36.8     3.1    80.4     2.3   -77.9     1.9
2008.2380   -33.8     3.2    79.5     2.5   -78.4     2.0
2008.2402   -33.7     3.2    78.2     2.3   -77.4     2.0
2008.2430   -35.6     2.9    78.9     2.1   -77.7     1.8
2008.2460   -40.5     2.9    78.7     2.1   -76.4     1.8
2008.2490   -41.0     2.7    78.8     2.1   -77.5     1.8
2008.2512   -38.3     2.8    78.7     2.2   -77.6     1.8
2008.2540   -46.2     2.7    80.1     2.1   -76.3     1.8
2008.2570   -41.4     2.7    78.9     2.1   -76.0     1.8
2008.2593   -38.9     2.8    76.7     2.2   -76.0     1.8
2008.2620   -47.2     2.7    77.8     2.1   -77.1     1.8
2008.2650   -50.2     2.8    79.0     2.2   -75.8     1.8
2008.2680   -36.7     2.8    78.0     2.2   -77.3     1.8
2008.2703   -25.5     2.7    78.9     2.1   -73.9     1.8
2008.2730   -28.0     2.8    78.2     2.2   -77.3     1.8
2008.2760   -41.2     2.7    77.2     2.1   -76.9     1.8
2008.2790   -36.8     2.7    77.8     2.1   -77.5     1.8
2008.2812   -38.3     2.8    77.7     2.2   -75.3     1.8
2008.2840   -39.3     2.7    78.9     2.1   -76.6     1.8
2008.2870   -34.5     2.7    79.5     2.1   -76.8     1.8
2008.2900   -34.6     2.7    80.4     2.1   -76.5     1.8
2008.2923   -39.2     3.1    79.3     2.3   -78.5     1.9
2008.2950   -37.9     2.7    79.9     2.1   -75.1     1.8
2008.2980   -40.9     2.7    78.7     2.1   -75.1     1.8
2008.3010   -42.9     2.8    79.5     2.1   -75.9     1.8
2008.3032   -47.5     2.7    78.2     2.1   -75.9     1.8
2008.3060   -46.8     2.7    79.2     2.1   -76.3     1.8
2008.3090   -50.1     2.7    79.1     2.1   -74.1     1.8
2008.3114   -46.6     3.4    76.4     2.5   -75.1     2.1
2008.3142   -38.2     3.0    75.4     2.2   -76.7     1.9
2008.3170   -43.3     2.8    78.2     2.2   -77.0     1.8
2008.3200   -45.4     3.0    77.2     2.3   -76.0     1.8
2008.3223   -23.5     2.9    76.5     2.2   -72.8     1.9
2008.3250   -42.1     2.8    77.5     2.2   -73.6     1.8
2008.3280   -39.4     2.9    78.9     2.2   -77.0     1.9
2008.3310   -31.0     2.8    79.1     2.1   -74.7     1.8
2008.3332   -32.9     2.8    80.8     2.2   -78.9     1.8
2008.3360   -41.0     2.8    80.1     2.1   -74.5     1.8
2008.3390   -42.8     2.7    77.9     2.1   -74.1     1.8
2008.3420   -50.7     2.8    77.9     2.1   -74.6     1.8
2008.3443   -41.4     2.8    77.9     2.2   -74.8     1.8
2008.3470   -48.5     2.7    79.6     2.2   -71.7     1.8
2008.3500   -39.2     2.8    78.3     2.2   -73.9     1.8
2008.3530   -37.8     2.7    78.8     2.1   -73.3     1.8
2008.3552   -39.3     2.7    78.2     2.1   -74.5     1.8
2008.3580   -38.4     2.7    77.2     2.1   -74.7     1.8
2008.3610   -23.3     8.2    74.0     5.4   -72.8     4.4
2012.6400    11.6     7.1     4.4     4.9    -5.9     3.4
2012.6430    12.0     2.6     4.0     2.1    -1.7     1.7
2012.6453    12.6     2.6     4.2     2.1    -2.3     1.7
2012.6481    11.3     2.6     5.2     2.1    -2.9     1.7
2012.6510    14.6     2.7     4.4     2.1    -3.4     1.8
2012.6540    12.3     2.6     5.8     2.1    -1.8     1.7
2012.6563    13.7     2.6     5.5     2.1    -3.2     1.7
2012.6590    13.5     2.6     4.9     2.1    -2.5     1.7
2012.6620    15.4     2.6     4.0     2.1    -2.4     1.7
2012.6650    22.5     2.6     8.3     2.0    -3.8     1.8
2012.6673    19.8     2.6     6.3     2.0    -6.9     1.8
2012.6700    23.1     2.6     5.7     2.1    -4.5     1.7
2012.6730    19.2     3.1     5.4     2.3    -5.0     1.9
2012.6760    19.9     3.2     5.3     2.4    -4.3     2.1
2012.6783    16.2     2.9     5.8     2.2    -3.4     1.9
2012.6810    19.9     2.8     8.1     2.2    -6.2     1.8
2012.6840    24.0     2.7     4.4     2.1    -4.3     1.8
2012.6870    20.7     2.8     5.4     2.2    -0.7     1.8
2012.6893    15.1     2.7     7.1     2.1    -5.5     1.8
2012.6920    17.1     2.6     5.9     2.1    -2.5     1.7
2012.6950    17.8     2.7     5.7     2.1    -3.7     1.8
2012.6980    15.6     2.6     4.3     2.0    -2.7     1.8
2012.7001    22.6     2.7     7.3     2.1    -7.3     1.8
2012.7030    30.6     2.7     4.2     2.1    -3.3     1.8
2012.7060    19.3     2.7     5.1     2.1    -2.3     1.8
2012.7083    13.4     2.6     7.1     2.1    -1.8     1.7
2012.7111    13.5     2.6     6.7     2.1    -0.4     1.7
2012.7140    24.3     2.6     5.4     2.1    -3.3     1.7
2012.7170    17.2     2.6     5.6     2.1    -2.7     1.7
2012.7193    19.2     2.8     5.3     2.2    -4.7     1.8
2012.7220    11.6     2.7     4.7     2.1    -4.8     1.8
2012.7250    14.9     2.6     2.8     2.1     3.2     1.7
2012.7280    27.5     2.6     5.9     2.1    -5.4     1.7
2012.7303    10.3     2.6     4.6     2.0    -3.0     1.8
2012.7331    17.7     2.7     4.8     2.1    -2.4     1.8
2012.7360    15.7     2.7     3.4     2.1    -1.0     1.8
2012.7390    18.6     2.7     4.1     2.1    -3.6     1.8
2012.7413    23.3     2.7     3.6     2.1    -4.0     1.8
2012.7440    26.1     2.6     2.8     2.1    -0.7     1.7
2012.7470    26.9     2.6     4.2     2.1    -1.1     1.7
2012.7500    20.8     2.8     5.0     2.3    -4.0     1.9
2012.7521    19.9     2.8     4.8     2.2    -1.9     1.8
2012.7550    17.7     2.6     6.3     2.1    -6.0     1.7
2012.7580    17.3     2.6     3.2     2.1    -1.7     1.7
2012.7603    19.5     2.6     5.4     2.0    -1.5     1.8
2012.7631    19.0     2.7     5.0     2.1    -1.5     1.8
2012.7660    25.9     2.7     5.1     2.1    -0.8     1.8
2012.7690    22.6     2.7     4.5     2.1    -1.7     1.8
2012.7713    21.9     3.3     5.1     2.5    -3.5     2.0
2012.7740    24.0     3.0     5.1     2.3    -2.0     1.9
2012.7770    22.0     2.6     5.0     2.1    -1.2     1.7
2012.7800    30.3     2.7     4.8     2.1     0.5     1.8
2012.7823    27.7     2.7     5.7     2.1    -0.2     1.8
2012.7851    22.9     3.5     3.2     2.6     0.6     2.1
2012.7880    20.1     2.9     4.9     2.3    -1.4     1.9
2012.7910    17.7     2.6     5.0     2.1    -1.6     1.7
2012.7933    15.9     2.6     3.7     2.1    -0.7     1.7
2012.7960    12.1     2.7     2.2     2.1     0.6     1.8
2012.7990    15.6     2.6     3.3     2.1    -2.7     1.7
2012.8020    13.3     2.7     3.2     2.1    -0.2     1.8
2012.8041    15.3     2.6     6.5     2.1    -2.0     1.7
2012.8070    14.0     2.7     3.2     2.1     0.7     1.8
2012.8100     8.2     2.6     1.0     2.1     0.6     1.7
2012.8124     2.2     2.7     1.6     2.1    -1.7     1.8
2012.8151    12.0     2.7     1.2     2.1    -0.9     1.8
2012.8180     4.8     2.6     0.0     2.1    -1.7     1.7
2012.8210     8.9     2.7    -0.9     2.1     1.3     1.8
2012.8233    16.9     2.7     3.5     2.1    -2.6     1.8
2012.8260    20.2     2.6     2.2     2.1    -1.4     1.7
2012.8290    15.0     2.7     4.7     2.1    -0.3     1.8
2012.8320    35.7     2.7     4.2     2.1     2.0     1.8
2012.8343    16.3     2.7     3.6     2.1    -0.3     1.8
2012.8371    29.5     4.0     1.7     3.0    -1.2     2.5
2012.8400    17.9     2.7     2.7     2.1     0.4     1.8
2012.8430    13.3     2.6     3.1     2.1    -0.8     1.7
2012.8453    20.5     2.6     3.5     2.1    -1.7     1.7
2012.8480    22.2     2.7     4.7     2.1    -4.9     1.8
2012.8510    19.2     2.6     4.2     2.1    -5.7     1.7
2012.8540    23.1     2.7     3.4     2.1    -5.0     1.8
2012.8563    19.7     2.6     4.7     2.1    -0.2     1.7
2012.8590    25.1     2.7     4.8     2.1    -2.5     1.8
2012.8620    28.3     2.6     3.4     2.1    -0.6     1.7
2012.8650    18.1     2.6     6.1     2.1    -3.3     1.7
2012.8671    18.3     2.7     6.4     2.1    -0.3     1.8
2012.8700    26.1     3.1     6.1     2.3    -0.3     1.9
2012.8730    20.1     3.1     5.2     2.3    -2.8     1.9
2012.8753    22.7     2.6     6.1     2.1    -2.6     1.7
2012.8781    21.5     2.7     2.9     2.1    -0.8     1.8
2012.8810    23.8     2.7    -0.2     2.1    -0.3     1.8
2012.8840    24.6     2.7     2.7     2.1    -1.5     1.8
2012.8863    18.5     2.6     2.4     2.1    -3.2     1.7
2012.8891    18.3     2.9     2.5     2.3    -1.5     1.9
2012.8920    21.4     2.7     3.4     2.1    -0.5     1.8
2012.8950    19.9     2.6     0.2     2.1    -0.5     1.7
2012.8973    20.9     2.7     2.9     2.1    -3.6     1.8
2012.9001    23.5     2.8     2.1     2.2    -2.4     1.8
2012.9030    23.1     2.6     2.4     2.1    -1.1     1.7
2012.9060    21.8     2.6     2.9     2.1    -0.8     1.7
2012.9083    16.7     2.6     0.2     2.0    -1.6     1.8
2012.9110    18.3     2.6     3.9     2.1    -1.1     1.7
2012.9140    17.5     2.6     1.4     2.1     0.5     1.7
2012.9170    16.5     2.6     0.3     2.0     0.3     1.8
2012.9191    22.2     2.6     0.1     2.1     0.3     1.7
2012.9220    23.9     2.7     1.5     2.1    -2.2     1.8
2012.9250    21.2     2.6    -0.1     2.1     0.9     1.7
2012.9273    19.4     2.6     0.0     2.1    -3.1     1.7
2012.9301    18.2     2.6     2.1     2.0    -0.8     1.8
2012.9330    20.5     2.7     1.8     2.1     0.6     1.8
2012.9360    19.2     2.7     0.7     2.1    -3.9     1.8
2012.9383    18.0     2.6     1.6     2.1    -1.3     1.7
2012.9410    20.5     2.6     1.4     2.1    -1.7     1.7
2012.9440    13.2     2.6     0.1     2.1     3.1     1.7
2012.9470    13.0     2.6    -0.1     2.1     6.2     1.7
2012.9493    16.2     2.7     4.2     2.1     5.3     1.8
2012.9521    15.5     2.7     1.2     2.1     0.9     1.8
2012.9550    23.0     2.6     0.5     2.1     2.4     1.7
2012.9580    27.2     2.7    -2.0     2.1    -1.3     1.8
2012.9603    29.1     2.6     1.0     2.1    -0.5     1.7
2012.9630     7.9     2.8     4.0     2.2     1.1     1.8
2012.9660    23.7     2.8     1.2     2.1    -1.2     1.8
2012.9690    25.5     2.6    -1.3     2.1    -0.1     1.7
2012.9713    17.7     2.7     0.4     2.1     0.3     1.8
2012.9740    22.0     2.6    -1.1     2.1     0.5     1.7
2012.9770    22.0     2.6     1.7     2.1    -0.7     1.7
2012.9794     6.1     2.6     6.4     2.1     0.2     1.7
2012.9821    16.5     2.6     0.7     2.0    -0.1     1.8
2012.9850    22.1     2.6     4.2     2.1    -2.0     1.7
2012.9880    21.2     2.6    -0.6     2.1    -1.8     1.7
2012.9903    28.3     2.6     0.9     2.1    -3.8     1.7
2012.9931    14.1     2.6     2.1     2.1    -3.7     1.7
2012.9960    20.1     2.6     2.5     2.1     0.0     1.7
2012.9990    25.4     2.6     1.6     2.1    -1.7     1.7
2013.0013    15.2     2.6     2.5     2.1     0.6     1.7
2013.0041    23.1     2.6    -0.3     2.0    -2.9     1.8
2013.0070    22.7     2.6     0.2     2.1    -4.6     1.7
2013.0100    19.9     2.6     1.3     2.1    -2.7     1.7
2013.0123    22.3     2.6     5.3     2.1    -1.3     1.7
2013.0151    23.5     2.6     1.1     2.1    -1.8     1.7
2013.0180    20.3     2.6     1.7     2.0    -1.8     1.8
2013.0210    17.8     2.6     2.0     2.1    -1.4     1.7
2013.0233    17.3     2.6     1.3     2.1    -0.7     1.7
2013.0260    16.0     2.6     2.6     2.1     0.1     1.7
2013.0290    18.8     2.6     1.5     2.1    -3.1     1.7
2013.0314    24.3     2.6    -0.3     2.0     0.3     1.8
2013.0341    14.6     2.6     1.7     2.1     0.5     1.7
2013.0370    16.1     2.8     0.8     2.2     0.7     1.8
2013.0400    14.2     2.7     0.4     2.1    -0.1     1.8
2013.0423    21.1     2.6     0.1     2.1     0.0     1.7
2013.0451    22.3     2.7    -1.1     2.1    -0.2     1.8
2013.0480    19.1     3.0    -0.4     2.3    -1.2     1.9
2013.0510    17.5     2.7     1.3     2.2    -2.7     1.8
2013.0533    19.5     2.7     0.3     2.1    -3.8     1.8
2013.0561    18.7     2.7    -1.2     2.1    -2.4     1.8
2013.0590    17.1     2.6     0.9     2.1     3.8     1.7
2013.0620    17.1     2.6    -0.4     2.0     0.4     1.8
2013.0643    11.8     2.7    -1.7     2.1     1.5     1.8
2013.0671    16.9     2.7     0.7     2.1     1.2     1.8
2013.0700    17.6     2.7     1.9     2.1     6.0     1.8
2013.0730    22.2     3.0    -0.4     2.3     3.1     1.9
2013.0753    21.1     2.8    -0.2     2.1     0.1     1.9
2013.0780    17.7     2.6    -0.1     2.1     1.7     1.7
2013.0810    16.6     2.6    -0.2     2.1     0.1     1.7
2013.0834    12.3     2.6    -1.5     2.1    -1.6     1.7
2013.0861    18.1     2.6    -0.1     2.1     1.1     1.7
2013.0890    17.9     2.7     0.9     2.1     0.0     1.8
2013.0920     7.3     6.6     3.4     6.4    -2.6     3.4
2013.1383     5.9     3.9    -2.2     2.8     3.6     2.3
2013.1410    16.4     3.2     0.0     2.4     4.8     2.1
2013.1440    18.6     4.4    -1.6     3.2     0.6     2.6
2013.1464    11.3     4.6    -1.5     3.3     3.6     2.6
2013.1601    14.0     3.4    -1.1     2.5     4.5     2.1
2013.1630     5.6     4.6    -3.2     3.1     4.1     2.6
2013.1660     8.0     3.9    -5.3     3.0     6.7     2.2
2013.1684    16.0     3.3    -6.2     2.5     3.3     2.0
2013.1711    25.8     3.1     1.8     2.4    -2.0     1.9
2013.1740     7.7     2.8     2.1     2.1     4.8     1.9
2013.1770     8.5     2.7    -0.5     2.1     1.9     1.8
2013.1793    11.1     2.7    -4.0     2.1     6.2     1.8
2013.1821     8.7     2.6    -1.2     2.1     5.2     1.7
2013.1850     2.9     2.6     0.6     2.1     6.6     1.7
2013.1874    10.9     2.7     1.0     2.1     4.5     1.8
2013.1903    16.6     2.6     0.9     2.1     6.2     1.7
2013.1930    12.0     2.6    -2.0     2.1     3.0     1.7
2013.1960    10.6     2.7    -4.1     2.1     2.9     1.8
2013.1984     8.6     2.6    -2.1     2.1     3.9     1.7
2013.2011    14.0     2.7    -2.3     2.1     1.2     1.8
2013.2040    13.2     2.6    -4.9     2.1     1.8     1.7
2013.2070    16.9     2.7    -4.7     2.2     3.1     1.8
2013.2093    18.8     3.3    -2.1     2.6     5.3     2.0
2013.2121    12.3     2.6    -4.1     2.1     2.8     1.7
2013.2150     6.7     2.7    -1.5     2.1     3.1     1.8
2013.2180     6.1     2.7    -4.4     2.2     4.0     1.8
2013.2204     9.1     2.8     0.8     2.2     8.3     1.8
2013.2231    10.1     2.7    -4.0     2.1     5.7     1.8
2013.2260    10.3     2.7    -4.1     2.1     5.1     1.8
2013.2290    11.5     2.6    -5.1     2.1     4.6     1.7
2013.2313    10.7     2.6    -3.4     2.1     4.4     1.7
2013.2341    13.8     2.6    -3.6     2.1     3.6     1.7
2013.2370    14.6     2.8    -2.9     2.2     5.0     1.8
2013.2400    19.3     2.7    -4.8     2.1     8.4     1.8
2013.2423    19.7     3.0    -4.0     2.3     5.8     1.9
2013.2450    14.1     2.9    -2.5     2.2     3.3     1.9
2013.2480    20.1     2.7    -3.7     2.1     3.3     1.8
2013.2504    11.2     2.7    -5.4     2.1     6.3     1.8
2013.2532    15.2     2.7    -2.2     2.1     5.7     1.8
2013.2560     9.9     2.7    -0.9     2.1     4.1     1.8
2013.2590    10.0     2.7    -2.0     2.1     5.0     1.8
2013.2614     9.0     2.6    -3.0     2.1     4.9     1.7
2013.2641    12.6     2.7    -5.4     2.1     7.2     1.8
2013.2670    10.7     2.6    -4.8     2.1     6.3     1.7
2013.2700    11.1     2.6    -4.5     2.0     8.4     1.8
2013.2724    20.8     2.6    -5.6     2.1     6.0     1.7
2013.2751    12.9     2.7    -5.3     2.1     5.6     1.8
2013.2780    21.0     2.7    -4.9     2.1     5.3     1.8
2013.2810    13.2     2.7    -6.7     2.1     4.7     1.8
2013.2834    12.3     2.7    -7.3     2.1     6.3     1.8
2013.2861    12.7     2.7    -1.5     2.1     7.1     1.8
2013.2890     7.9     2.7    -2.0     2.1     6.3     1.8
2013.2920    14.1     2.7    -6.7     2.1     5.5     1.8
2013.2943     7.0     2.7    -5.0     2.1     3.7     1.8
2013.2971     7.7     2.7    -3.8     2.1     3.0     1.8
2013.3000     9.1     2.7    -5.3     2.1     5.5     1.8
2013.3024    10.8     4.9    -5.0     3.4     3.9     2.8
2013.4394    35.4     5.7    -7.8     4.1    12.8     3.3
2013.4422    18.3     4.4    -7.8     3.1     9.1     2.7
2013.4450     2.1     3.7    -9.3     2.7    10.6     2.3
2013.4480    11.3     3.5    -7.7     2.6     8.2     2.1
2013.4504    14.9     3.4   -10.3     2.5     7.3     2.1
2013.4531     8.1     3.1   -10.4     2.3     8.1     1.9
2013.4560     9.2     2.8    -8.4     2.1     8.8     1.7
2013.4590    10.2     2.7    -7.9     2.1     7.1     1.8
2013.4613     9.2     2.7    -7.4     2.1    10.1     1.8
2013.4641    10.4     2.8    -7.4     2.2     8.7     1.8
2013.4670    13.7     2.8    -9.4     2.2     8.4     1.8
2013.4694    14.9     2.9    -8.4     2.2     7.8     1.9
2013.4722    13.9     2.9   -10.6     2.2     9.6     1.9
2013.4750     7.5     2.9    -7.3     2.2     9.8     1.9
2013.4780     9.3     3.0    -7.2     2.3     9.5     1.9
2013.4804     8.9     2.9   -11.1     2.2     8.2     1.9
2013.4831     5.4     2.7    -7.2     2.1     8.7     1.8
2013.4860    12.0     2.8    -6.2     2.1     8.1     1.9
2013.4890     6.8     3.0   -10.6     2.2     6.9     1.9
2013.4914    11.0     3.2    -7.6     2.5    10.9     2.0
2013.4941    15.9     3.3    -9.5     2.5     8.6     2.0
2013.4970    17.8     2.8    -7.5     2.2     7.6     1.8
2013.5000     8.7     2.7   -10.2     2.1    10.1     1.8
2013.5024    10.7     2.7   -12.7     2.1     7.5     1.8
2013.5051    10.2     2.7   -10.2     2.1     6.0     1.8
2013.5080    11.8     2.7   -11.1     2.1     6.5     1.8
2013.5110    11.2     2.8   -11.0     2.2     8.4     1.8
2013.5133    12.4     3.6   -12.7     2.8     6.1     2.2
2013.5161     5.8     2.7   -12.4     2.2     8.5     1.8
2013.5190    11.4     2.8   -11.2     2.1     6.5     1.9
2013.5220    10.3     2.7   -10.7     2.1     9.8     1.8
2013.5242     6.9     3.1   -10.6     2.4     8.4     2.0
2013.5270     8.5     2.9    -9.6     2.3     8.8     1.9
2013.5300     7.4     2.9   -11.5     2.2    11.6     1.9
2013.5324     7.5     2.8   -11.4     2.2     8.2     1.8
2013.5351     5.4     3.5   -11.5     2.6     9.5     2.1
2013.5380    -1.8     3.1   -12.9     2.3     7.7     1.9
2013.5410    11.0     2.7   -11.2     2.1     8.4     1.8
2013.5434    11.4     2.7   -11.7     2.1     8.5     1.8
2013.5461     7.1     2.7   -10.6     2.2     8.2     1.8
2013.5490    10.2     2.9   -12.5     2.2     8.7     1.9
2013.5520     9.9     2.7   -12.1     2.1     8.6     1.8
2013.5544    10.6     2.7   -12.0     2.1    10.6     1.8
2013.5572    15.2     2.8   -13.4     2.1    11.6     1.9
2013.5600     9.6     2.7   -12.3     2.2    11.1     1.8
2013.5630     8.6     2.7   -14.0     2.2     8.9     1.8
2013.5654    15.0     2.8   -11.9     2.1     8.7     1.9
2013.5681     7.7     2.9   -10.7     2.2     7.7     1.9
2013.5710    13.1     2.8   -11.6     2.2     8.2     1.8
2013.5740    11.0     2.8   -11.8     2.1    13.0     1.9
2013.5762    10.5     2.7   -12.8     2.1    11.2     1.8
2013.5791    12.0     2.7   -12.2     2.1    12.0     1.8
2013.5820    15.3     2.7   -13.4     2.1     9.9     1.8
2013.5844    13.8     2.7   -14.2     2.1    10.6     1.8
2013.5872    12.2     2.7   -11.0     2.1    11.5     1.8
2013.5900     7.1     2.8   -11.8     2.2    11.9     1.8
2013.5930    11.6     2.8   -11.7     2.2    10.3     1.8
2013.5954    12.9     3.1   -11.7     2.4    12.6     2.0
2013.5981    14.7     2.7   -12.5     2.1    10.1     1.8
2013.6010    14.9     2.7   -10.5     2.1     9.6     1.8
2013.6040    16.0     2.7   -10.3     2.1    10.1     1.8
2013.6064     7.1     2.7   -11.7     2.1    10.3     1.8
2013.6092    13.3     2.7   -12.4     2.1    10.3     1.8
2013.6120    18.5     2.7   -11.9     2.1    10.8     1.8
2013.6150    18.5     2.8   -10.4     2.1    10.7     1.9
2013.6174    24.7     2.9   -12.0     2.2    11.3     1.9
2013.6201    22.2     2.8    -9.8     2.2     8.9     1.8
2013.6230    18.8     2.9   -11.0     2.2     9.6     1.9
2013.6260    14.7     3.0    -9.4     2.3    13.9     1.9
2013.6282    33.2     2.8    -8.1     2.1     9.7     1.9
2013.6311    16.1     2.7    -6.5     2.1    11.5     1.8
2013.6340    16.5     2.7   -12.0     2.1    12.3     1.8
2013.6370    19.4     2.7   -12.0     2.1    13.6     1.8
2013.6392    19.0     2.9   -12.9     2.3    13.2     1.9
2013.6420    19.3     2.9   -12.7     2.3    12.6     1.9
2013.6450    21.5     2.9   -10.9     2.2    10.6     1.9
2013.6474    17.1     2.7   -11.2     2.1    13.6     1.8
2013.6501    20.9     2.7   -10.6     2.2    12.0     1.8
2013.6530    16.4     2.8    -8.7     2.1    12.8     1.9
2013.6560    14.9     2.9   -11.6     2.3     9.9     1.9
2013.6584    11.6     2.8   -11.2     2.1    11.3     1.9
2013.6612    16.9     2.8   -11.1     2.1    12.8     1.9
2013.6640    15.7     2.8   -10.2     2.1    10.4     1.9
2013.6670    17.6     2.9   -11.0     2.2     9.8     1.9
2013.6694    20.8     2.8   -11.8     2.1    10.3     1.9
2013.6721    13.4     2.7   -10.0     2.2    11.0     1.8
2013.6750    11.6     2.8    -6.9     2.1     9.7     1.9
2013.6780    21.6     2.8    -8.1     2.2    10.4     1.8
2013.6804    18.8     2.7   -11.3     2.1    10.8     1.8
2013.6831    14.9     2.8   -11.9     2.1    11.2     1.9
2013.6860    21.1     2.7   -12.8     2.1    11.8     1.8
2013.6890    17.2     2.7   -12.6     2.1    11.6     1.8
2013.6912    20.5     2.7   -12.1     2.1    11.3     1.8
2013.6940    13.5     2.7   -10.8     2.1    11.2     1.8
2013.6970    19.2     2.7   -11.2     2.1    11.3     1.8
2013.6994    18.2     2.8   -11.0     2.1    12.4     1.9
2013.7022    20.4     2.8   -12.1     2.1    11.1     1.9
2013.7050    11.8     2.8   -11.3     2.1    12.7     1.9
2013.7080    17.6     2.7    -9.5     2.1    10.7     1.8
2013.7104    16.1     2.7   -12.6     2.1    11.7     1.8
2013.7132    14.3     2.7   -11.7     2.1    12.9     1.8
2013.7160    15.7     2.8    -9.6     2.1    10.5     1.9
2013.7190    15.6     2.8    -9.6     2.2    12.5     1.8
2013.7214    18.8     2.7   -11.2     2.1    13.5     1.8
2013.7242    15.9     2.7   -11.2     2.1    13.9     1.8
2013.7270    19.7     2.7   -10.4     2.1    13.7     1.8
2013.7300    15.6     2.7   -11.5     2.1    13.5     1.8
2013.7324    15.2     2.7   -14.1     2.1    13.3     1.8
2013.7351    18.8     2.7   -12.4     2.1    10.3     1.8
2013.7380    18.6     2.7   -12.4     2.1    12.1     1.8
2013.7410    18.8     2.7   -12.9     2.1    15.3     1.8
2013.7432    26.0     2.7    -9.5     2.1    14.8     1.8
2013.7460    19.3     2.7   -12.4     2.1    13.0     1.8
2013.7490    24.1     2.7   -11.0     2.1    11.7     1.8
2013.7514    22.6     2.8   -12.4     2.1    13.3     1.9
2013.7542    22.8     3.4    -8.5     2.6    12.6     2.1
2013.7570    19.2     2.7   -14.6     2.1    13.2     1.8
2013.7600    20.9     2.7   -14.5     2.1    14.9     1.8
2013.7624    18.4     2.7   -14.4     2.1    14.1     1.8
2013.7652    16.7     2.7   -13.2     2.1    14.5     1.8
2013.7680    12.1     2.7   -13.3     2.2    16.5     1.8
2013.7710    18.1     2.9   -12.9     2.2    17.1     1.9
2013.7734    23.3     2.9   -12.7     2.3    14.1     1.9
2013.7762    21.4     2.8   -12.5     2.1    13.0     1.9
2013.7790    23.5     2.7   -13.3     2.1    12.7     1.8
2013.7820    16.0     2.7   -13.3     2.1    14.7     1.8
2013.7844    24.2     2.7   -15.4     2.1    13.9     1.8
2013.7871    12.7     3.1   -13.5     2.4    14.8     2.0
2013.7900    17.7     2.9   -13.4     2.3    14.7     1.9
2013.7930    17.7     2.8   -14.3     2.2    15.9     1.8
2013.7952    12.9     2.8   -12.9     2.2    15.0     1.8
2013.7980    24.0     2.7   -11.7     2.1    15.0     1.8
2013.8010    25.9     2.7   -12.8     2.1    15.1     1.8
2013.8040    20.8     2.7   -13.3     2.1    16.3     1.8
2013.8062    27.1     2.8   -13.7     2.1    15.4     1.9
2013.8090    26.1     2.8   -14.6     2.2    13.4     1.8
2013.8120    21.9     2.7   -14.7     2.1    14.2     1.8
2013.8144    27.0     2.7   -14.7     2.1    12.8     1.8
2013.8172    31.1     2.7   -14.2     2.1    15.6     1.8
2013.8200    28.8     2.7   -15.0     2.1    14.1     1.8
2013.8230    23.2     2.7   -14.2     2.1    15.5     1.8
2013.8254    22.8     2.7   -15.6     2.1    14.6     1.8
2013.8282    24.5     2.8   -14.0     2.2    14.3     1.8
2013.8310    26.4     3.0   -14.8     2.3    15.8     1.9
2013.8340    29.1     2.9   -13.0     2.3    14.0     1.9
2013.8364    17.2     2.9   -14.5     2.3    15.2     1.9
2013.8392    24.4     2.8   -13.5     2.2    14.9     1.8
2013.8420    20.9     2.8   -14.3     2.2    14.2     1.8
2013.8450    22.5     2.8   -13.6     2.2    15.0     1.8
2013.8474    24.8     2.8   -14.2     2.1    15.0     1.9
2013.8500    26.6     2.7   -15.0     2.1    11.9     1.8
2013.8530    25.6     2.9   -15.3     2.3    12.4     1.9
2013.8560    22.7     2.8   -15.9     2.1    13.6     1.9
2013.8582    31.3     3.3   -13.7     2.6    15.1     2.0
2013.8610    27.5     3.0   -15.7     2.3    17.4     1.9
2013.8640    25.5     3.0   -14.2     2.3    17.0     1.9
2013.8664    25.7     2.7   -14.9     2.1    13.3     1.8
2013.8692    28.1     2.7   -13.9     2.1    13.4     1.8
2013.8720    33.7     2.7   -14.5     2.1    12.8     1.8
2013.8750    33.1     3.0   -14.9     2.3    14.9     1.9
2013.8774    23.0     2.9   -15.8     2.2    15.0     1.9
2013.8802    32.0     2.8   -16.0     2.2    14.8     1.8
2013.8830    37.6     2.8   -13.7     2.2    14.0     1.8
2013.8860    39.2     2.8   -13.7     2.2    14.9     1.8
2013.8884    28.9     2.8   -21.3     2.2    11.5     1.8
2013.8912    25.7     2.8   -18.5     2.1    13.0     1.9
2013.8940    28.0     2.7   -15.5     2.1    14.1     1.8
2013.8970    20.0     2.7   -17.7     2.2    16.6     1.8
2013.8994    18.3     2.7   -14.5     2.1    15.5     1.8
2013.9020    25.4     2.8   -16.8     2.1    15.1     1.9
2013.9050    23.7     2.7   -14.7     2.1    14.7     1.8
2013.9080    19.7     2.7   -16.9     2.1    15.2     1.8
2013.9102    22.0     2.7   -19.3     2.1    18.0     1.8
2013.9130    25.7     2.8   -15.2     2.2    15.2     1.8
2013.9160    35.8     2.8   -17.3     2.2    15.4     1.8
2013.9184    20.8     2.9   -17.8     2.2    15.5     1.9
2013.9212    19.4     2.8   -17.8     2.1    15.0     1.9
2013.9240    37.0     2.8   -16.5     2.2    17.3     1.8
2013.9270    21.0     2.8   -16.1     2.2    16.2     1.8
2013.9294    21.9     2.8   -18.5     2.1    18.9     1.9
2013.9322    18.0     2.7   -16.6     2.1    18.3     1.8
2013.9350    25.8     2.7   -14.5     2.1    14.3     1.8
2013.9380    25.8     3.0   -15.1     2.3    13.0     1.9
2013.9410    20.4     2.7   -16.4     2.1    17.2     1.8
2013.9432    22.6     2.7   -15.4     2.1    14.8     1.8
2013.9460    30.7     2.7   -17.2     2.1    16.8     1.8
2013.9490    23.6     2.7   -17.5     2.1    17.3     1.8
2013.9514    20.6     2.7   -15.7     2.1    16.3     1.8
2013.9541    20.9     3.1   -16.0     2.5    14.0     1.9
2013.9570    17.3     2.7   -13.5     2.1    14.9     1.8
2013.9600    30.0     2.7   -13.7     2.1    12.4     1.8
2013.9624    28.9     2.7   -15.0     2.1    12.2     1.8
2013.9650    18.4     2.7   -13.7     2.1    14.7     1.8
2013.9680    18.0     2.7   -15.9     2.2    16.3     1.8
2013.9710    25.7     2.8   -16.5     2.1    13.6     1.9
2013.9732    21.4     2.8   -14.1     2.1    14.2     1.9
2013.9760    15.0     2.7   -13.7     2.1    15.6     1.8
2013.9790    24.1     2.7   -15.2     2.1    12.9     1.8
2013.9814    17.7     2.7   -18.8     2.1    17.0     1.8
2013.9842    24.9     2.7   -18.5     2.1    13.8     1.8
2013.9870    20.8     2.7   -17.1     2.1    14.3     1.8
2013.9900    23.9     2.7   -16.3     2.1    15.9     1.8
2013.9930    16.6     2.7   -17.0     2.1    14.8     1.8
2013.9952    16.9     2.7   -17.0     2.1    19.4     1.8
2013.9980    21.5     2.7   -16.9     2.1    17.0     1.8
2014.0010    19.0     2.7   -16.8     2.1    18.0     1.8
2014.0034    16.9     2.8   -16.2     2.2    15.9     1.8
2014.0062    17.3     2.9   -17.0     2.2    18.7     1.9
2014.0090    20.4     2.7   -17.5     2.1    18.3     1.8
2014.0120    12.7     2.7   -17.2     2.1    20.8     1.8
2014.0144    18.8     2.7   -21.1     2.1    20.0     1.8
2014.0170    19.3     2.8   -18.2     2.1    15.6     1.9
2014.0200    25.4     2.8   -17.2     2.2    16.4     1.8
2014.0230    22.9     2.8   -15.9     2.2    12.4     1.8
2014.0252    15.4     2.8   -16.4     2.1    15.6     1.9
2014.0280    23.3     2.8   -15.6     2.1    14.7     1.9
2014.0310    20.1     2.7   -16.1     2.1    15.6     1.8
2014.0334    22.9     2.8   -15.6     2.1    14.5     1.9
2014.0362    14.4     2.8   -13.7     2.2    16.1     1.8
2014.0390    18.6     2.8   -14.9     2.2    16.9     1.8
2014.0420    21.3     2.7   -16.0     2.1    18.3     1.8
2014.0450    23.9     2.7   -15.7     2.1    16.3     1.8
2014.0472    23.2     2.8   -17.2     2.1    17.8     1.9
2014.0500    23.4     2.7   -17.4     2.1    17.8     1.8
2014.0530    23.1     2.7   -18.5     2.1    19.9     1.8
2014.0554    18.4     2.7   -16.6     2.1    17.5     1.8
2014.0582    13.8     2.7   -15.2     2.2    18.6     1.8
2014.0610    16.2     2.7   -17.4     2.1    15.8     1.8
2014.0640    18.5     2.7   -16.5     2.1    18.3     1.8
2014.0664    20.2     2.8   -14.8     2.1    19.9     1.9
2014.0690    22.7     2.8   -17.3     2.2    20.1     1.8
2014.0720    15.9     2.9   -20.2     2.2    19.0     1.9
2014.0750    20.9     2.7   -19.3     2.1    20.0     1.8
2014.0772    17.8     2.7   -20.0     2.1    18.6     1.8
2014.0800    16.9     2.7   -18.1     2.1    16.3     1.8
2014.0830    21.5     2.7   -17.5     2.1    16.2     1.8
2014.0860    18.7     2.7   -18.3     2.1    17.6     1.8
2014.0882    16.5     2.7   -19.0     2.1    15.7     1.8
2014.0910    13.6     2.8   -17.5     2.1    19.1     1.9
2014.0940    15.9     2.8   -18.0     2.2    16.6     1.8
2014.0970    19.7     2.8   -17.7     2.2    19.0     1.8
2014.0992    22.9     2.7   -18.9     2.1    18.5     1.8
2014.1020    18.0     2.8   -17.4     2.2    20.1     1.8
2014.1050    15.5     2.8   -18.2     2.2    16.8     1.8
2014.1080    21.1     3.1   -19.3     2.4    19.3     2.0
2014.1102    15.9     3.2   -20.4     2.5    17.6     2.0
2014.1130    15.1     3.1   -18.4     2.3    18.6     1.9
2014.1160    22.1     2.9   -16.1     2.3    18.7     1.9
2014.1184    13.3     2.9   -17.1     2.3    16.5     1.9
2014.1210    17.0     2.8   -20.1     2.1    17.1     1.9
2014.1240    19.9     2.8   -19.4     2.2    18.6     1.8
2014.1270    15.8     2.9   -20.4     2.2    19.3     1.9
2014.1293    17.0     3.0   -22.0     2.3    20.2     2.0
2014.1320    15.6     2.9   -19.5     2.2    19.4     1.9
2014.1350    17.7     3.0   -19.5     2.3    16.9     1.9
2014.1380    17.0     3.6   -17.2     2.6    18.8     2.1
2014.1402    22.0     3.4   -16.6     2.5    15.4     2.1
2014.1430    21.6     3.0   -19.5     2.3    18.9     1.9
2014.1460    16.9     3.1   -18.3     2.3    21.8     1.9
2014.1490    24.6     3.3   -15.8     2.5    17.3     2.0
2014.1512    24.7     2.8   -17.3     2.1    17.5     1.9
2014.1540    15.3     2.8   -13.8     2.1    17.9     1.9
2014.1570    14.8     2.8   -12.9     2.2    22.1     1.8
2014.1600    12.8     3.2   -12.5     2.5    22.7     2.0
2014.1622    17.2     3.0   -16.8     2.2    22.4     1.9
2014.1650    13.2     3.1   -18.3     2.3    20.2     1.9
2014.1680    15.5     2.9   -19.1     2.2    21.1     1.9
2014.1704    12.7     3.0   -19.3     2.2    20.2     1.9
2014.1732    17.4     2.9   -18.7     2.2    20.9     1.9
2014.1760    15.6     3.0   -18.2     2.2    21.6     1.9
2014.1790    17.9     2.8   -16.3     2.2    21.0     1.8
2014.1813    19.5     2.8   -18.4     2.2    18.9     1.8
2014.1840    19.1     2.7   -18.2     2.1    23.3     1.8
2014.1870    11.4     2.8   -14.1     2.1    23.9     1.9
2014.1900    16.9     2.8   -18.1     2.2    20.4     1.8
2014.1922    15.0     2.8   -16.3     2.2    20.6     1.8
2014.1950    17.5     2.9   -18.3     2.3    21.3     1.9
2014.1980    14.0     3.1   -19.6     2.3    21.2     1.9
2014.2004    22.2     2.8   -19.3     2.2    21.3     1.8
2014.2032     9.5     2.7   -20.5     2.1    22.8     1.8
2014.2060    22.8     2.7   -19.9     2.1    20.8     1.8
2014.2090    20.5     2.7   -19.9     2.1    22.5     1.8
2014.2120    24.6     2.8   -18.9     2.2    21.0     1.8
2014.2142    20.2     2.9   -19.7     2.2    20.9     1.9
2014.2170    22.3     2.9   -19.4     2.2    19.7     1.9
2014.2200    24.4     3.0   -20.6     2.3    21.3     1.9
2014.2230    20.9     2.7   -20.8     2.2    21.0     1.8
2014.2252    20.9     2.8   -19.0     2.2    19.5     1.8
2014.2280    19.9     2.7   -20.0     2.1    21.5     1.8
2014.2310    12.9     2.8   -19.7     2.2    21.3     1.8
2014.2333    15.4     2.8   -19.5     2.2    20.4     1.8
2014.2360    15.2     2.7   -20.0     2.2    21.9     1.8
2014.2390    15.6     2.7   -19.5     2.1    23.5     1.8
2014.2420    18.7     2.8   -20.9     2.2    20.8     1.8
2014.2443    11.4     2.8   -21.0     2.1    20.6     1.9
2014.2470    17.9     2.7   -19.6     2.1    24.1     1.8
2014.2500    17.4     2.8   -22.0     2.1    23.3     1.9
2014.2530    20.8     2.8   -21.2     2.1    23.4     1.9
2014.2552    19.0     2.8   -19.6     2.2    19.0     1.8
2014.2580    17.6     2.8   -22.8     2.1    22.5     1.9
2014.2610    20.2     2.9   -19.3     2.2    22.3     1.9
2014.2640    25.1     2.8   -21.0     2.1    22.0     1.9
2014.2663    17.5     2.8   -19.6     2.2    21.8     1.8
2014.2690    18.3     2.7   -19.2     2.1    21.5     1.8
2014.2720    16.3     2.8   -21.7     2.1    20.8     1.9
2014.2750    17.4     2.8   -19.7     2.1    20.2     1.9
2014.2772    23.0     3.0   -21.3     2.3    21.2     1.9
2014.2800    17.5     3.3   -23.3     2.5    20.3     2.0
2014.2830    21.6     3.0   -22.0     2.2    22.6     1.9
2014.2854    17.2     2.9   -21.7     2.2    22.1     1.9
2014.2882    14.8     2.8   -20.5     2.2    24.7     1.8
2014.2910    22.6     2.8   -20.6     2.1    22.4     1.9
2014.2940     9.2     2.7   -21.7     2.1    20.3     1.8
2014.2963    19.0     2.8   -20.8     2.1    20.2     1.9
2014.2990    15.7     2.8   -20.5     2.2    22.1     1.8
2014.3020    18.8     2.9   -19.8     2.2    21.8     1.9
2014.3050    18.6     2.8   -21.3     2.2    23.8     1.8
2014.3072    15.2     2.7   -21.1     2.1    22.2     1.8
2014.3100    11.9     2.7   -20.9     2.1    22.9     1.8
2014.3130    14.7     2.8   -22.0     2.2    24.5     1.8
2014.3160    13.0     2.8   -20.2     2.2    22.6     1.8
2014.3183    12.4     2.8   -21.9     2.2    22.9     1.8
2014.3210    10.4     2.7   -21.0     2.1    21.7     1.8
2014.3240     8.6     2.8   -21.8     2.1    22.1     1.9
2014.3270     8.8     2.8   -23.7     2.1    23.8     1.9
2014.3292     9.3     3.1   -22.4     2.3    24.3     1.9
2014.3320    10.1     2.8   -20.6     2.1    24.1     1.9
2014.3350    11.4     2.7   -22.7     2.1    25.7     1.8
2014.3374     3.9     2.8   -22.0     2.1    24.5     1.9
2014.3402    12.2     3.1   -23.9     2.3    23.9     2.0
2014.3430    10.4     2.8   -22.6     2.2    22.3     1.8
2014.3460     8.9     2.7   -23.3     2.1    22.9     1.8
2014.3483     8.6     2.7   -23.2     2.1    22.5     1.8
2014.3510     6.8     3.1   -24.8     2.3    22.2     1.9
2014.3540     4.3     2.8   -22.9     2.2    23.5     1.8
2014.3570     4.0     2.9   -22.9     2.2    23.2     1.9
2014.3592    12.4     3.0   -25.5     2.2    23.2     1.9
2014.3620     8.7     2.8   -22.8     2.1    22.2     1.9
2014.3650     8.1     2.7   -24.2     2.1    21.9     1.8
2014.3680     4.4     2.7   -23.1     2.1    23.3     1.8
2014.3702     6.7     2.8   -23.3     2.2    21.6     1.8
2014.3730    12.3     2.8   -22.4     2.1    20.9     1.9
2014.3760    15.4     2.8   -18.3     2.1    20.3     1.9
2014.3790     8.0     2.7   -20.2     2.1    19.3     1.8
2014.3812    17.6     2.7   -21.0     2.1    19.2     1.8
2014.3840    11.1     2.7   -22.7     2.1    22.6     1.8
2014.3870     9.1     2.7   -22.9     2.1    23.3     1.8
2014.3900    12.3     2.8   -22.6     2.2    22.3     1.8
2014.3922     8.8     2.9   -22.4     2.2    22.7     1.9
2014.3950     7.6     2.7   -23.9     2.1    22.0     1.8
2014.3980    13.2     2.7   -23.0     2.1    22.4     1.8
2014.4003    13.9     2.7   -22.8     2.1    22.7     1.8
2014.4030    11.0     2.7   -22.6     2.1    22.3     1.8
2014.4060    13.6     2.7   -23.2     2.1    21.1     1.8
2014.4090    13.3     2.7   -23.1     2.1    22.1     1.8
2014.4113    15.3     2.8   -22.7     2.2    23.1     1.8
2014.4140    12.4     2.7   -23.5     2.1    23.3     1.8
2014.4170    14.4     2.8   -22.4     2.1    23.9     1.8
2014.4200    11.7     2.8   -21.1     2.1    21.8     1.9
2014.4222    11.0     2.8   -25.0     2.1    23.9     1.9
2014.4250    16.4     2.8   -22.7     2.2    23.6     1.8
2014.4280    10.8     2.8   -22.9     2.2    24.8     1.8
2014.4310    10.0     2.8   -23.7     2.1    24.5     1.9
2014.4333     7.0     2.9   -24.1     2.2    25.8     1.9
2014.4360     9.2     3.1   -25.6     2.3    24.8     2.0
2014.4390    13.5     2.8   -25.3     2.1    24.1     1.9
2014.4420     3.5     2.8   -23.8     2.1    26.1     1.8
2014.4442    11.9     2.8   -23.4     2.1    26.5     1.8
2014.4470    12.0     2.8   -24.9     2.1    26.4     1.9
2014.4500    -3.1     2.9   -25.0     2.1    28.5     1.9
2014.4523    -6.6     2.7   -26.8     2.1    25.4     1.8
2014.4552    10.0     2.7   -21.0     2.1    27.9     1.8
2014.4580     9.3     2.7   -25.6     2.1    26.6     1.8
2014.4610    10.2     2.8   -24.8     2.2    26.2     1.8
2014.4633     7.4     2.9   -27.8     2.2    25.3     1.9
2014.4660     5.1     2.8   -25.9     2.2    24.5     1.8
2014.4690    11.4     2.7   -26.9     2.1    24.8     1.8
2014.4720     6.8     2.7   -26.8     2.1    25.6     1.8
2014.4742    16.6     2.7   -25.6     2.1    21.7     1.8
2014.4770    16.3     2.7   -29.5     2.1    22.2     1.8
2014.4800     8.5     2.7   -28.0     2.1    22.7     1.8
2014.4830     5.8     2.7   -25.8     2.1    22.3     1.8
2014.4853    11.6     2.7   -25.9     2.1    22.9     1.8
2014.4880    10.3     2.7   -27.0     2.1    24.1     1.8
2014.4910    11.7     2.7   -26.1     2.1    25.1     1.8
2014.4940     5.7     2.7   -25.3     2.1    24.0     1.8
2014.4962     8.8     2.7   -28.0     2.1    23.8     1.8
2014.4990    11.5     2.8   -27.6     2.1    27.2     1.8
2014.5020     4.7     2.7   -26.5     2.1    26.0     1.8
2014.5043    11.9     2.7   -28.0     2.1    25.5     1.8
2014.5072    14.3     2.7   -27.6     2.1    26.9     1.8
2014.5100    10.6     2.7   -26.2     2.1    23.5     1.8
2014.5130    10.9     2.7   -28.3     2.1    27.6     1.8
2014.5153    16.8     2.7   -27.5     2.1    23.7     1.8
2014.5180     5.1     2.6   -27.6     2.1    22.8     1.7
2014.5210     8.5     2.7   -26.6     2.1    25.9     1.8
2014.5240    14.7     2.8   -27.4     2.2    27.9     1.8
2014.5263    14.0     2.7   -27.0     2.1    26.3     1.8
2014.5290    18.4     2.7   -28.5     2.1    25.0     1.8
2014.5320    16.5     2.7   -29.0     2.1    23.4     1.8
2014.5350    19.4     2.7   -27.7     2.1    28.3     1.8
2014.5373    17.4     2.6   -26.2     2.1    25.3     1.7
2014.5400    15.0     2.6   -25.8     2.1    22.8     1.7
2014.5430    20.9     2.7   -25.4     2.1    23.8     1.8
2014.5460    20.0     2.6   -26.4     2.1    25.2     1.7
2014.5483    16.9     2.6   -27.5     2.1    27.0     1.7
2014.5510     8.0     2.6   -27.0     2.1    27.4     1.7
2014.5540    13.3     2.7   -28.2     2.1    26.0     1.8
2014.5570    17.3     2.7   -30.0     2.1    22.9     1.8
2014.5592    15.8     2.7   -29.8     2.1    26.4     1.8
2014.5620    17.1     2.6   -28.7     2.1    24.6     1.7
2014.5650    14.7     2.7   -29.5     2.1    26.9     1.8
2014.5673    10.0     2.7   -27.7     2.1    25.5     1.8
2014.5701    14.7     2.7   -27.9     2.1    26.3     1.8
2014.5730    20.4     2.7   -26.2     2.1    24.5     1.8
2014.5760    24.2     2.7   -27.8     2.1    24.9     1.8
2014.5783    11.6     2.7   -30.9     2.1    28.6     1.8
2014.5810    21.0     2.6   -28.1     2.1    26.9     1.7
2014.6632    23.3     2.8   -26.7     2.2    34.4     1.9
2014.6660    25.2     3.8   -25.9     2.1    27.6     2.2
2014.6690    22.3     2.7   -25.4     2.1    30.9     1.8
2014.6720    19.4     2.7   -25.9     2.2    31.8     1.8
2014.6741    24.0     2.7   -28.5     2.1    30.4     1.8
2014.6770    21.6     2.7   -28.9     2.1    29.6     1.8
2014.6800    22.3     2.8   -28.2     2.1    29.2     1.9
2014.6823    28.2     2.8   -27.9     2.2    30.7     1.9
2014.6850    23.9     2.8   -28.3     2.1    29.4     1.8
2014.6880    25.0     2.7   -29.8     2.1    29.7     1.8
2014.6910    26.0     2.7   -27.2     2.1    30.4     1.8
2014.6933    23.2     2.7   -27.2     2.1    30.0     1.8
2014.6960    22.8     2.7   -29.1     2.1    31.9     1.8
2014.6990    25.7     3.0   -28.7     2.2    29.3     1.9
2014.7020    19.0     2.7   -27.5     2.1    31.3     1.8
2014.7043    20.9     2.6   -27.1     2.1    30.0     1.7
2014.7070    21.1     2.7   -28.4     2.1    31.8     1.8
2014.7100    18.0     2.7   -27.5     2.1    32.5     1.8
2014.7130    22.1     2.7   -28.6     2.1    31.6     1.8
2014.7153    21.4     2.7   -28.8     2.1    32.6     1.8
2014.7180    19.9     2.9   -26.8     2.2    31.3     1.9
2014.7210    20.2     2.7   -29.1     2.1    29.7     1.8
2014.7240    13.3     2.7   -27.6     2.1    32.8     1.8
2014.7261    24.5     2.7   -28.1     2.1    31.3     1.8
2014.7290    24.1     2.8   -29.3     2.1    29.1     1.8
2014.7320    21.7     2.9   -28.2     2.1    30.9     1.9
2014.7343    25.6     2.8   -29.1     2.5    31.2     1.8
2014.7371    25.1     2.7   -28.2     2.2    32.0     1.8
2014.7400    24.8     2.8   -29.1     2.2    31.7     1.8
2014.7430    17.9     2.6   -28.8     2.1    30.9     1.7
2014.7453    17.2     2.8   -28.6     2.7    30.8     1.8
2014.7480    23.8     3.0   -27.5     2.1    33.0     1.9
2014.7510    18.8     2.8   -28.8     2.1    33.9     1.8
2014.7540    26.3     2.8   -27.3     2.1    30.8     1.8
2014.7563    25.9     2.7   -30.7     2.1    31.8     1.8
2014.7591    18.7     2.7   -30.1     2.1    36.0     1.8
2014.7620    34.3     2.7   -28.5     2.1    38.5     1.8
2014.7650    22.6     2.7   -29.7     2.2    33.8     1.8
2014.7673    21.6     2.8   -28.6     2.1    32.4     1.9
2014.7700    17.0     2.9   -29.4     2.1    33.5     1.9
2014.7730    24.5     3.0   -32.1     2.1    32.6     1.8
2014.7760    26.7     2.7   -30.0     2.1    30.3     1.8
2014.7781    28.8     2.8   -31.5     2.3    31.7     1.8
2014.7810    21.4     2.6   -28.7     2.1    32.5     1.7
2014.7840    24.4     2.7   -29.8     2.1    31.3     1.8
2014.7863    24.0     2.8   -29.6     2.1    33.5     1.8
2014.7891    19.7     2.7   -29.4     2.1    33.3     1.8
2014.7920    22.7     2.7   -31.1     2.1    32.9     1.8
2014.7950    21.6     2.8   -29.5     2.1    30.2     1.8
2014.7973    21.9     3.0   -30.7     2.3    34.2     1.9
2014.8000    24.6     2.8   -27.1     2.1    32.7     1.9
2014.8030    28.5     3.1   -27.9     2.1    33.0     2.0
2014.8060    22.1     2.8   -30.2     2.2    33.0     1.8
2014.8083    31.6     3.0   -29.6     2.2    32.3     1.8
2014.8111    28.9     2.7   -27.6     2.3    31.0     1.8
2014.8140    27.8     2.7   -30.0     2.2    33.6     1.8
2014.8170    27.8     2.7   -28.4     2.2    34.4     1.8
2014.8193    30.3     2.7   -28.7     2.2    33.0     1.8
2014.8220    30.6     2.8   -29.6     2.1    30.0     1.9
2014.8250    29.6     2.9   -31.0     2.2    33.5     1.9
2014.8280    27.6     2.7   -30.9     2.3    31.2     1.8
2014.8303    24.3     2.6   -30.8     2.2    32.5     1.7
2014.8330    19.4     2.7   -30.4     2.2    33.8     1.8
2014.8360    27.3     2.6   -32.7     2.1    32.2     1.7
2014.8390    27.6     2.6   -32.4     2.1    33.7     1.7
2014.8411    26.4     2.7   -31.1     2.1    30.0     1.8
2014.8440    27.9     2.8   -31.7     2.1    34.1     1.8
2014.8470    26.0     2.8   -30.6     2.1    31.9     1.8
2014.8493    35.6     2.7   -30.1     2.2    31.6     1.8
2014.8521    29.7     2.9   -31.4     2.3    33.2     1.8
2014.8550    32.4     2.8   -30.6     2.1    31.8     1.8
2014.8580    30.6     2.8   -30.0     2.2    32.1     1.8
2014.8603    31.5     2.9   -29.5     2.1    33.3     1.9
2014.8631    26.4     2.7   -31.0     2.1    30.3     1.8
2014.8660    27.5     2.7   -32.3     2.2    36.0     1.8
2014.8690    32.6     2.7   -31.8     2.1    32.3     1.8
2014.8713    25.6     2.9   -31.2     2.1    32.7     1.9
2014.8741    28.1     2.7   -31.3     2.2    32.5     1.8
2014.8770    33.3     3.0   -30.8     2.2    32.7     1.9
2014.8800    27.6     2.7   -31.7     2.1    32.6     1.8
2014.8823    21.8     2.7   -30.8     2.4    33.7     1.8
2014.8850    26.9     2.7   -30.4     2.2    34.0     1.8
2014.8880    23.9     2.8   -30.9     2.3    31.7     1.8
2014.8931    33.4     2.8   -31.2     2.1    34.2     1.8
2014.8960    28.7     2.8   -31.6     2.2    31.8     1.8
2014.8990    22.5     2.7   -30.5     2.1    30.6     1.8
2014.9013    19.1     2.7   -29.7     2.2    31.5     1.8
2014.9041    19.6     2.7   -30.4     2.3    30.5     1.8
2014.9070    21.2     2.8   -31.1     2.2    31.2     1.8
2014.9100    26.0     2.7   -29.8     2.1    32.0     1.8
2014.9123    30.6     2.7   -29.3     2.1    32.7     1.8
2014.9150    29.9     2.8   -29.9     2.2    31.8     1.8
2014.9180    31.2     2.9   -28.9     2.1    32.8     1.9
2014.9210    26.9     3.0   -33.3     2.1    31.7     1.9
2014.9233    24.1     2.8   -30.7     2.1    34.7     1.9
2014.9261    28.0     2.9   -30.5     2.2    33.8     1.9
2014.9290    27.4     2.8   -31.9     2.2    31.5     1.8
2014.9320    37.8     2.8   -33.3     2.1    32.2     1.8
2014.9343    27.0     3.1   -30.6     2.3    32.1     1.9
2014.9370    31.6     2.9   -30.3     2.2    33.8     1.9
2014.9400    26.8     2.9   -32.0     2.2    33.3     1.9
2014.9430    20.1     2.7   -30.8     2.3    33.9     1.8
2014.9451    26.5     2.8   -30.6     2.1    35.8     1.8
2014.9480    45.5     3.0   -33.5     2.1    34.6     1.9
2014.9510    42.5     2.7   -36.0     2.1    38.3     1.8
2014.9534    23.7     2.7   -34.1     2.2    34.7     1.8
2014.9561    28.2     2.9   -32.6     2.2    31.9     1.9
2014.9590    32.2     2.7   -29.8     2.3    34.5     1.8
2014.9620    22.9     2.7   -30.2     2.1    34.4     1.8
2014.9643    23.3     2.7   -32.2     2.1    35.3     1.8
2014.9670    22.6     2.7   -32.1     2.1    33.8     1.8
2014.9700    22.9     2.7   -30.7     2.2    34.2     1.8
2014.9730    30.4     3.1   -30.1     2.2    36.5     1.9
2014.9753    24.5     2.9   -33.6     2.2    32.8     1.9
2014.9781    24.5     2.8   -33.3     2.2    32.4     1.8
2014.9810    23.6     3.0   -30.9     2.1    34.1     1.9
2014.9840    28.1     2.8   -33.0     2.1    32.8     1.8
2014.9863    32.6     3.1   -32.7     2.2    36.1     1.9
2014.9890    24.3     2.7   -32.2     2.1    32.7     1.8
2014.9920    32.4     2.8   -34.4     2.2    31.6     1.8
2014.9950    30.4     3.0   -30.4     2.2    32.8     1.9
2014.9973    36.2     2.8   -31.0     2.2    32.1     1.8
2015.0000    31.1     2.6   -30.4     2.3    34.7     1.7
2015.0030    29.8     2.7   -32.5     2.1    31.0     1.8
2015.0054    31.9     2.9   -33.0     2.2    31.8     1.9
2015.0081    24.7     2.7   -33.1     2.2    32.0     1.8
2015.0110    27.1     3.1   -33.5     2.2    35.4     2.0
2015.0140    33.9     3.0   -29.7     2.4    32.8     1.8
2015.0163    34.6     2.8   -31.0     2.2    31.8     1.8
2015.0191    33.3     3.1   -32.8     2.2    32.2     1.9
2015.0220    32.4     2.8   -30.8     2.1    34.0     1.9
2015.0250    34.1     2.8   -30.6     2.2    32.3     1.9
2015.0273    28.7     2.8   -31.5     2.3    33.8     1.8
2015.0301    30.8     2.8   -32.1     2.1    33.5     1.9
2015.0330    29.4     2.7   -33.2     2.2    33.8     1.8
2015.0360    29.7     2.7   -33.8     2.2    33.7     1.8
2015.0383    28.9     2.7   -33.8     2.1    34.9     1.8
2015.0411    27.4     2.6   -35.1     2.1    34.1     1.7
2015.0440    24.2     2.7   -34.3     2.1    34.5     1.8
2015.0470    25.0     2.7   -36.4     2.1    34.8     1.8
2015.0493    24.1     2.7   -32.5     2.1    34.3     1.8
2015.0520    27.3     2.7   -32.4     2.4    36.0     1.8
2015.0550    33.6     2.6   -33.6     2.2    35.5     1.7
2015.0574    24.5     2.7   -36.0     2.2    35.2     1.8
2015.0601    28.5     2.8   -32.5     2.3    32.7     1.8
2015.0630    36.2     2.7   -34.9     2.2    34.8     1.8
2015.0660    31.0     2.7   -33.1     2.4    35.4     1.8
2015.0683    37.2     2.7   -33.0     2.1    34.4     1.8
2015.0711    30.9     3.0   -34.6     2.2    33.6     1.8
2015.0740    29.7     3.0   -33.4     2.3    33.1     1.9
2015.0770    25.8     2.8   -36.1     2.2    34.1     1.9
2015.0793    27.5     2.8   -37.7     2.1    35.6     1.8
2015.0821    27.1     3.0   -35.2     2.1    34.7     1.9
2015.0850    30.4     2.9   -34.4     2.3    34.8     1.9
2015.0880    33.1     3.0   -36.3     2.1    33.5     1.9
2015.0903    31.5     3.1   -34.7     2.4    33.1     1.9
2015.0931    36.3     2.9   -35.7     2.3    32.5     1.9
2015.0960    37.4     2.8   -33.8     2.2    36.5     1.8
2015.0990    25.8     2.9   -33.5     2.3    37.0     1.9
2015.1013    27.9     2.7   -35.1     2.1    36.0     1.8
2015.1040    27.4     2.7   -36.9     2.1    34.4     1.8
2015.1070    21.0     2.7   -36.4     2.2    34.0     1.8
2015.1094    34.0     2.8   -35.4     2.1    34.2     1.8
2015.1123    38.2     2.8   -36.2     2.1    36.9     1.9
2015.1150    33.4     2.8   -33.5     2.1    35.1     1.8
2015.1180    26.4     2.8   -33.2     2.1    35.3     1.8
2015.1204    24.7     2.7   -36.1     2.1    36.2     1.8
2015.1231    28.6     2.7   -33.9     2.1    36.3     1.8
2015.1260    31.2     2.8   -34.1     2.1    37.7     1.8
2015.1290    33.9     2.8   -36.0     2.1    37.0     1.8
2015.1313    26.4     3.3   -32.4     2.1    38.3     2.0
2015.1341    33.5     3.0   -33.1     2.1    34.9     1.9
2015.1370    29.8     2.9   -34.5     2.1    38.0     1.9
2015.1400    29.5     2.8   -33.8     2.2    36.4     1.8
2015.1424    28.6     2.9   -33.1     2.1    36.8     1.9
2015.1451    29.1     2.8   -35.4     2.1    34.7     1.8
2015.1480    32.5     3.0   -33.2     2.1    36.5     1.9
2015.1510    30.1     3.0   -34.2     2.3    36.0     1.9
2015.1533    27.8     2.7   -35.2     2.3    34.9     1.8
2015.1561    28.7     2.7   -35.1     2.1    33.6     1.8
2015.1590    28.9     2.7   -33.6     2.2    34.4     1.8
2015.1614    32.4     2.9   -33.3     2.3    35.1     1.9
2015.1643    29.0     3.1   -33.9     2.2    35.2     1.9
2015.1670    33.0     3.0   -35.8     2.3    34.2     1.9
2015.1700    25.6     3.0   -36.3     2.3    37.2     1.8
2015.1724    28.5     2.8   -34.5     2.2    36.5     1.8
2015.1751    29.3     2.8   -33.4     2.2    37.6     1.8
2015.1780    24.5     2.9   -33.9     2.2    38.2     1.9
2015.1810    32.1     3.0   -33.2     2.1    35.6     1.9
2015.1833    30.6     2.8   -35.1     2.1    37.3     1.8
2015.1861    25.1     2.8   -34.0     2.1    36.6     1.8
2015.1890    27.2     2.7   -33.4     2.2    35.5     1.8
2015.1920    27.5     2.7   -35.1     2.1    35.4     1.8
2015.1944    28.1     2.8   -34.9     2.2    36.0     1.9
2015.1971    27.5     2.7   -33.8     2.2    37.4     1.8
2015.2000    28.5     2.7   -34.4     2.1    36.0     1.8
2015.2030    30.7     2.8   -34.5     2.1    35.2     1.8
2015.2053    26.0     2.7   -34.6     2.2    35.1     1.8
2015.2081    25.4     3.3   -35.2     2.2    37.1     2.0
2015.2110    19.3     3.2   -34.2     2.6    38.7     2.0
2015.2140    27.5     3.0   -36.1     2.3    37.3     2.0
2015.2163    26.3     2.9   -35.2     2.2    36.2     1.9
2015.2190    24.3     2.8   -35.6     2.2    36.9     1.9
2015.2220    33.9     2.8   -38.8     2.2    37.9     1.8
2015.2244    31.6     2.8   -34.5     2.2    37.2     1.8
2015.2271    25.8     2.8   -35.4     2.3    37.1     1.9
2015.2300    32.7     2.7   -35.8     2.2    36.8     1.8
2015.2330    24.8     2.8   -35.4     2.1    37.0     1.8
2015.2354    30.4     2.8   -36.9     2.1    37.7     1.8
2015.2381    33.6     2.9   -35.0     2.1    37.5     1.9
2015.2410    32.9     3.0   -36.7     2.3    37.7     1.9
2015.2440    27.9     2.9   -36.0     2.3    37.1     1.9
2015.2464    29.2     2.8   -35.6     2.3    39.3     1.8
2015.2491    31.8     2.7   -36.7     2.3    38.0     1.8
2015.2520    29.1     2.8   -36.4     2.2    38.3     1.8
2015.2550    32.5     2.8   -36.1     2.2    39.8     1.8
2015.2574    27.9     2.7   -36.4     2.2    39.8     1.8
2015.2601    29.8     2.8   -36.1     2.3    38.1     1.8
2015.2630    27.9     2.7   -36.1     2.2    35.7     1.8
2015.2660    27.7     2.7   -37.1     2.2    35.0     1.8
2015.2683    28.9     2.7   -36.5     2.1    36.0     1.8
2015.2710    29.6     2.8   -35.3     2.1    35.2     1.8
2015.2740    28.1     3.1   -36.7     2.1    36.1     1.9
2015.2764    30.9     3.2   -34.7     2.1    36.0     2.0
2015.2792    29.6     2.7   -33.3     2.1    35.6     1.8
2015.2820    31.7     2.7   -36.7     2.2    37.0     1.8
2015.2850    31.8     2.8   -35.3     2.1    37.0     1.8
2015.2874    29.9     2.9   -35.8     2.6    37.8     1.9
2015.2901    16.5     3.4   -37.0     2.3    36.3     2.1
2015.2930    26.4     2.9   -35.9     2.3    37.5     1.9
2015.2960    28.7     2.8   -37.8     2.2    39.4     1.9
2015.2983    26.1     2.8   -37.3     2.1    39.1     1.8
2015.3011    24.1     2.8   -34.0     2.2    38.9     1.9
2015.3040    28.0     3.0   -36.7     2.2    37.5     1.9
2015.3070    22.2     2.8   -40.4     2.1    38.2     1.8
2015.3094    18.2     2.7   -39.7     2.1    39.3     1.8
2015.3121    28.4     2.7   -38.3     2.2    38.4     1.8
2015.3150    24.9     2.6   -37.9     2.2    39.0     1.7
2015.3180    21.6     2.7   -38.4     2.2    35.1     1.8
2015.3203    24.5     2.8   -37.8     2.3    38.0     1.8
2015.3231    24.5     2.7   -37.5     2.2    37.3     1.8
2015.3260    23.1     2.8   -36.7     2.2    37.9     1.9
2015.3284    23.6     2.7   -38.6     2.1    37.9     1.8
2015.3312    22.1     2.7   -38.2     2.2    38.7     1.8
2015.3340    24.7     2.7   -37.4     2.2    38.9     1.8
2015.3370    23.9     2.6   -39.1     2.1    39.8     1.7
2015.3394    26.9     2.6   -38.2     2.2    40.9     1.7
2015.3421    24.9     2.6   -38.1     2.1    39.1     1.7
2015.3450    24.1     2.7   -38.4     2.1    38.3     1.8
2015.3480    20.8     2.6   -38.8     2.1    38.9     1.7
2015.3503    25.6     2.6   -37.5     2.2    41.1     1.7
2015.3531    20.7     2.6   -39.5     2.3    39.1     1.7
2015.3560    22.4     2.7   -39.2     2.3    38.8     1.8
2015.3590    22.0     2.8   -38.6     2.1    39.6     1.9
2015.3614    20.7     2.9   -39.0     2.1    40.2     1.9
2015.3641    20.8     3.1   -38.5     2.2    40.9     2.0
2015.3670    26.0     2.7   -38.9     2.2    39.3     1.8
2015.3700    24.2     2.6   -40.2     2.5    39.5     1.7
2015.3723    27.0     2.6   -41.8     2.2    41.6     1.7
2015.3751    30.4     2.7   -39.0     2.1    37.2     1.8
2015.3780    23.4     2.7   -42.3     2.2    40.2     1.8
2015.3810    22.0     2.7   -37.6     2.1    43.4     1.8
2015.3833    31.1     2.6   -37.6     2.2    39.7     1.7
2015.3860    33.5     2.6   -41.0     2.2    40.7     1.7
2015.3890    26.1     2.5   -40.2     2.1    38.3     1.7
2015.3914    34.6     2.6   -38.7     2.1    39.6     1.7
2015.3942    26.8     2.6   -38.3     2.1    37.9     1.7
2015.3970    27.8     2.6   -39.2     2.1    39.3     1.8
2015.4000    25.5     2.6   -39.6     2.2    38.6     1.7
2015.4024    23.9     2.6   -39.7     2.2    40.7     1.7
2015.4051    24.7     2.6   -40.0     2.1    40.7     1.7
2015.4080    21.8     2.6   -38.5     2.1    37.7     1.8
2015.4110    32.9     2.6   -39.5     2.1    42.4     1.7
2015.4134    22.6     2.6   -39.2     2.1    41.2     1.7
2015.4162    29.0     2.6   -40.4     2.1    41.8     1.7
2015.4190    21.9     2.6   -39.3     2.1    39.8     1.7
2015.4220    21.1     2.6   -39.8     2.1    40.6     1.7
2015.4244    20.0     2.6   -40.6     2.2    39.4     1.7
2015.4271    23.2     2.6   -40.3     2.1    40.6     1.7
2015.4300    28.1     2.6   -39.8     2.1    39.3     1.7
2015.4330    23.2     2.6   -39.1     2.1    40.0     1.7
2015.4353    24.8     2.9   -39.7     2.1    40.5     1.9
2015.4381    20.8     2.7   -39.9     2.1    40.0     1.8
2015.4410    19.6     2.7   -40.2     2.2    40.7     1.8
2015.4434    20.9     2.8   -40.0     2.4    41.9     1.9
2015.4462    24.5     2.6   -41.0     2.1    42.8     1.7
2015.4490    24.5     2.7   -41.7     2.1    42.2     1.8
2015.4520    18.9     2.7   -40.5     2.1    41.4     1.8
2015.4544    19.5     2.7   -40.3     2.1    41.2     1.8
2015.4571    24.0     2.7   -40.3     2.1    39.9     1.8
2015.4600    25.7     2.8   -41.6     2.1    40.8     1.8
2015.4630    26.6     2.8   -39.4     2.1    41.5     1.9
2015.4654    27.0     2.7   -39.7     2.1    39.9     1.8
2015.4681    20.1     2.6   -40.7     2.0    40.0     1.7
2015.4710    22.0     2.6   -41.5     2.1    40.4     1.7
2015.4740    25.0     2.8   -42.9     2.1    40.6     1.8
2015.4764    27.1     3.1   -42.2     2.0    40.7     1.9
2015.4791    21.5     2.8   -42.0     2.1    43.9     1.8
2015.4820    18.9     2.8   -42.0     2.1    43.6     1.8
2015.4850    19.6     2.7   -41.6     2.1    42.8     1.8
2015.4873    12.5     2.6   -42.8     2.0    43.6     1.7
2015.4901    20.4     2.7   -44.8     2.1    43.5     1.8
2015.4930    22.6     2.7   -43.0     2.1    42.1     1.8
2015.4960    27.4     2.7   -44.0     2.1    41.0     1.8
2015.4982    22.0     2.6   -43.5     2.1    39.3     1.7
2015.5010    26.5     2.6   -43.0     2.1    41.8     1.7
2015.5040    20.8     2.6   -44.6     2.1    38.3     1.7
2015.5064    24.0     2.8   -44.3     2.1    40.0     1.9
2015.5091    22.0     2.8   -43.5     2.1    39.1     1.9
2015.5120    22.2     2.7   -44.4     2.1    43.1     1.8
2015.5150    25.6     2.6   -43.7     2.3    42.5     1.7
2015.5174    23.5     2.6   -45.8     2.1    41.1     1.7
2015.5201    24.6     2.6   -42.7     2.1    40.0     1.7
2015.5230    22.4     2.7   -43.2     2.1    43.2     1.8
2015.5260    26.4     2.8   -43.0     2.1    40.8     1.8
2015.5284    24.4     2.7   -44.4     2.1    41.2     1.8
2015.5311    26.2     3.1   -44.6     2.1    40.3     1.9
2015.5340    27.5     2.6   -43.2     2.1    43.3     1.7
2015.5370    27.2     2.6   -45.3     2.1    43.4     1.7
2015.5394    20.8     2.6   -43.1     2.2    42.5     1.7
2015.5421    21.0     2.7   -44.7     2.1    43.9     1.8
2015.5450    28.0     2.6   -43.5     2.1    42.2     1.7
2015.5480    28.4     2.6   -43.1     2.1    43.2     1.7
2015.5502    29.3     2.6   -43.2     2.1    43.8     1.7
2015.5530    24.9     2.6   -43.4     2.2    44.5     1.7
2015.5560    26.5     2.7   -43.7     2.3    44.0     1.8
2015.5584    28.5     2.9   -43.2     2.2    44.4     1.9
2015.5612    28.5     2.6   -43.2     2.2    41.2     1.7
2015.5640    28.9     2.7   -43.8     2.1    42.8     1.8
2015.5670    29.2     2.6   -44.1     2.1    44.5     1.7
2015.5694    24.9     2.6   -43.6     2.1    43.4     1.7
2015.5721    30.1     2.7   -44.4     2.1    41.9     1.8
2015.5750    24.4     2.7   -43.2     2.1    43.7     1.8
2015.5780    30.3     2.6   -44.3     2.1    42.2     1.7
2015.5804    26.9     2.7   -45.1     2.1    42.1     1.8
2015.5832    29.6     2.7   -44.5     2.1    43.8     1.8
2015.5860    31.2     2.7   -44.5     2.1    43.3     1.8
2015.5890    33.4     2.6   -42.5     2.1    44.1     1.7
2015.5914    31.8     2.7   -44.4     2.1    42.7     1.8
2015.5941    28.9     2.6   -44.9     2.1    44.4     1.7
2015.5970    33.2     2.7   -44.4     2.1    42.5     1.8
2015.6000    37.0     2.7   -43.8     2.1    43.8     1.8
2015.6022    39.8     2.7   -42.7     2.1    41.3     1.8
2015.6051    46.5     2.8   -44.3     2.2    41.9     1.9
2015.6080    39.5     2.8   -43.0     2.1    43.3     1.9
2015.6104    34.1     2.6   -43.7     2.3    43.1     1.7
2015.6132    28.1     2.7   -43.0     2.1    46.1     1.8
2015.6160    34.7     2.8   -45.0     2.1    45.3     1.8
2015.6190    35.8     2.6   -43.1     2.1    44.8     1.7
2015.6214    27.8     2.7   -43.8     2.1    42.3     1.8
2015.6241    35.1     3.1   -46.2     2.1    45.5     1.9
2015.6270    36.6     2.8   -41.9     2.1    46.0     1.8
2015.6300    31.7     2.6   -42.8     2.1    44.5     1.7
2015.6324    35.4     2.9   -44.2     2.1    47.3     1.9
2015.6352    32.4     2.7   -43.3     2.1    47.6     1.8
2015.6380    30.3     2.6   -42.8     2.2    46.2     1.7
2015.6410    30.6     2.6   -44.8     2.1    45.3     1.7
2015.6434    31.5     2.8   -44.2     2.1    44.1     1.8
2015.6461    31.8     2.6   -44.8     2.1    43.8     1.7
2015.6490    29.4     2.8   -43.1     2.1    43.7     1.9
2015.6520    35.6     3.3   -45.1     2.1    44.3     2.0
2015.6542    36.6     3.3   -46.6     2.1    44.3     2.0
2015.6571    31.5     3.3   -46.7     2.1    45.1     2.0
2015.6600    27.9     2.7   -46.1     2.1    44.2     1.8
2015.6630    36.7     2.6   -46.2     2.1    43.7     1.7
2015.6652    30.8     2.6   -45.1     2.1    45.5     1.8
