   -383978.1   -936995.2   80.69983893  -61.28368615
   -382354.6   -936974.3   80.70563662  -61.19908145
   -380767.4   -936780.4   80.71275375  -61.11996424
   -378049.3   -936199.1   80.72701619  -60.98949299
   -377882.7   -936127.0   80.72819778  -60.98225498
   -375522.5   -936095.4   80.73652418  -60.85860208
   -372065.8   -936083.8   80.74834763  -60.67636504
   -371779.8   -936059.0   80.74952415  -60.66177004
   -369467.7   -936146.6   80.75656347  -60.53759117
   -369301.0   -936074.6   80.75773548  -60.53027259
   -366325.3   -935872.9   80.76940774  -60.37668140
   -366206.3   -935920.0   80.76940298  -60.36938687
   -364188.2   -936030.4   80.77517171  -60.25988347
