   498609 -1106376
   497927 -1105117
   496686 -1103143
   496667 -1103101
   496643 -1103049
   496606 -1102966
   496591 -1102935
   496563 -1102872
   495940 -1101082
   495282 -1098167
   493702 -1095113
   492691 -1091647
   494697 -1087043
   493518 -1085583
   491573 -1085688
   489192 -1084375
   489542 -1085966
   488526 -1087439
   488485 -1087457
   487198 -1086882
   487174 -1086831
   486311 -1084518
   486316 -1084503
   486306 -1084456
   486333 -1084381
   486833 -1083250
   485224 -1082450
   481740 -1081300
   476408 -1083918
   470445 -1080425
   455898 -1075041
   454157 -1067472
   458939 -1058709
   465456 -1049298
   460633 -1045627
   460359 -1045523
   460176 -1045453
   460028 -1045292
   455083 -1042205
   454534 -1041996
   454415 -1041898
   453992 -1041633
   447245 -1038614
   440504 -1047565
   433176 -1050827
   425918 -1055860
   413244 -1050254
