    251757.4  -2343218.0   68.55354616  -32.86761571
    251483.9  -2342652.2   68.55881151  -32.87275916
    251401.9  -2342184.5   68.56302685  -32.87352821
    251398.7  -2342155.1   68.56329006  -32.87352845
    251724.4  -2341612.1   68.56778390  -32.86424041
    252194.0  -2340754.1   68.57492726  -32.85064577
    252647.9  -2340016.2   68.58102225  -32.83773514
    253030.1  -2339703.8   68.58342040  -32.82766597
    253056.4  -2339671.0   68.58368548  -32.82694538
    253633.0  -2339217.8   68.58714214  -32.81179796
    253692.0  -2339211.1   68.58714463  -32.81035374
    254563.7  -2338992.7   68.58823897  -32.78867631
    255459.5  -2338981.2   68.58747716  -32.76696012
    256067.4  -2339066.0   68.58613870  -32.75246742
