     39629.7  -2606736.2   66.33441587  -38.12901142
     39224.1  -2606468.3   66.33683610  -38.13783549
     38818.4  -2606182.9   66.33940978  -38.14665784
     38566.2  -2605693.8   66.34376149  -38.15204241
     38445.7  -2605133.2   66.34872834  -38.15450981
     38398.7  -2604444.0   66.35482016  -38.15531825
     38480.3  -2603941.7   66.35924561  -38.15336141
     38935.2  -2603481.8   66.36324691  -38.14320328
     39318.3  -2602869.5   66.36860410  -38.13456914
     39683.9  -2602276.4   66.37379222  -38.12632589
     39703.2  -2602239.4   66.37411697  -38.12588760
     39761.2  -2602128.2   66.37509118  -38.12457277
     40182.0  -2601593.5   66.37975653  -38.11512795
     41191.7  -2601684.4   66.37881379  -38.09292767
     42531.3  -2601495.6   66.38029073  -38.06336727
