  -232897 -1979481
  -232760 -1979497
  -232654 -1979539
  -232498 -1979615
  -232350 -1979749
  -232204 -1979883
  -232136 -1979979
  -232040 -1980079
  -231972 -1980175
  -231812 -1980456
  -231786 -1980487
  -231544 -1980685
  -231464 -1980751
  -231364 -1980905
  -231199 -1981008
  -231141 -1981014
  -231067 -1981137
  -230873 -1981243
  -230712 -1981374
  -230606 -1981470
  -230454 -1981659
  -230359 -1981841
  -230293 -1982021
  -230202 -1982231
  -230084 -1982473
  -230000 -1982510
  -229905 -1982692
  -229799 -1982788
  -229655 -1982828
  -229557 -1982932
  -229588 -1982956
