  -426820 -2241241
  -426519 -2240995
  -426384 -2240818
  -426120 -2240767
  -425829 -2240569
  -425596 -2240412
  -425373 -2240302
  -425110 -2240251
  -424936 -2240133
  -424752 -2239966
  -424569 -2239800
  -424434 -2239624
  -424260 -2239506
  -424135 -2239379
  -423912 -2239271
  -423747 -2239202
  -423516 -2239045
  -423342 -2238928
  -423081 -2238877
  -422877 -2238866
  -422528 -2238882
  -422333 -2238919
  -422090 -2238965
  -421896 -2239002
  -421787 -2239224
  -421650 -2239300
  -421483 -2239482
  -421179 -2239741
  -421070 -2239962
  -421048 -2240117
  -420997 -2240378
  -420878 -2240551
  -420835 -2240860
  -420792 -2241170
  -420731 -2241383
  -420710 -2241538
  -420764 -2241830
  -420809 -2242073
  -420864 -2242365
  -420909 -2242609
  -421071 -2242932
  -421204 -2243108
  -421311 -2243139
  -421570 -2243444
  -421704 -2243621
  -421740 -2243816
  -421875 -2243992
  -421960 -2244178
  -422015 -2244471
  -422110 -2244706
  -422205 -2244941
  -422281 -2245078
  -422474 -2245295
  -422529 -2245588
  -422498 -2245695
  -422398 -2245966
  -422191 -2246207
  -422063 -2246332
  -421846 -2246524
  -421660 -2246610
  -421346 -2246820
  -421121 -2246963
  -420972 -2247242
  -420942 -2247349
  -420638 -2247607
  -420422 -2247798
  -420237 -2247882
  -420100 -2247958
  -419866 -2248050
  -419642 -2248192
  -419272 -2248360
  -418970 -2248616
  -418882 -2248682
  -418543 -2248744
  -418329 -2248933
  -418154 -2249065
  -418028 -2249188
  -417968 -2249399
  -417754 -2249588
  -417550 -2249825
  -417520 -2249931
  -417422 -2250198
  -417372 -2250457
  -417437 -2250795
  -417445 -2251094
  -417452 -2251392
  -417489 -2251585
  -417623 -2251760
  -417920 -2252006
  -418217 -2252251
  -418409 -2252466
  -418706 -2252711
  -418840 -2252886
  -419013 -2253005
  -419089 -2253140
  -419398 -2253184
  -419697 -2253180
  -419861 -2253250
  -420209 -2253237
  -420615 -2253263
  -420712 -2253245
  -420964 -2253249
  -421477 -2253305
  -421835 -2253340
  -422175 -2253279
  -422485 -2253323
  -422727 -2253280
  -422825 -2253263
  -423186 -2253049
  -423284 -2253032
  -423597 -2252826
  -423880 -2252725
  -424126 -2252431
  -424245 -2252259
  -424346 -2251991
  -424455 -2251771
  -424486 -2251666
  -424654 -2251485
  -424898 -2251442
